ID	H	E	C
Seq_920766	29.365079365079367	24.6031746031746	46.03174603174603
Seq_831422	25.71428571428571	25.71428571428571	48.57142857142857
Seq_450810	38.57142857142858	18.571428571428573	42.857142857142854
Seq_395875	53.333333333333336	0.0	46.666666666666664
Seq_490674	39.189189189189186	17.56756756756757	43.24324324324324
Seq_1010988	30.681818181818183	26.136363636363637	43.18181818181818
Seq_155334	47.368421052631575	17.543859649122805	35.08771929824561
Seq_272264	1.9230769230769231	61.53846153846154	36.53846153846153
Seq_1231599	29.411764705882355	8.823529411764707	61.76470588235294
Seq_184612	0.0	50.98039215686274	49.01960784313725
Seq_557987	0.0	32.467532467532465	67.53246753246754
Seq_1305526	0.0	0.0	100.0
Seq_950113	56.52173913043478	15.217391304347828	28.26086956521739
Seq_1103042	55.00000000000001	12.5	32.5
Seq_195509	57.446808510638306	14.893617021276595	27.659574468085108
Seq_1634253	33.72093023255814	9.30232558139535	56.97674418604651
Seq_100001	0.0	0.0	100.0
Seq_1170688	0.0	0.0	100.0
Seq_374579	18.75	41.66666666666667	39.58333333333333
Seq_1386019	73.80952380952381	0.0	26.190476190476193
Seq_995897	47.05882352941176	19.607843137254903	33.33333333333333
Seq_115551	38.55421686746988	18.072289156626507	43.373493975903614
Seq_299233	33.33333333333333	17.77777777777778	48.888888888888886
Seq_484583	23.25581395348837	33.72093023255814	43.02325581395349
Seq_942345	0.0	61.25000000000001	38.75
Seq_340341	41.17647058823529	19.11764705882353	39.705882352941174
Seq_7367	4.918032786885246	47.540983606557376	47.540983606557376
Seq_1373776	68.18181818181817	0.0	31.818181818181817
Seq_787776	31.132075471698112	19.81132075471698	49.056603773584904
Seq_1584591	12.76595744680851	40.42553191489361	46.808510638297875
Seq_382891	53.96825396825397	12.698412698412698	33.33333333333333
Seq_1042299	22.22222222222222	45.83333333333333	31.944444444444443
Seq_1161625	51.21951219512195	0.0	48.78048780487805
Seq_806071	45.09803921568628	17.647058823529413	37.254901960784316
Seq_452422	83.5820895522388	0.0	16.417910447761194
Seq_808053	32.25806451612903	29.03225806451613	38.70967741935484
Seq_1011071	55.00000000000001	10.0	35.0
Seq_1146769	41.07142857142857	21.428571428571427	37.5
Seq_189778	23.75	25.0	51.24999999999999
Seq_940072	0.0	0.0	100.0
Seq_1140084	0.0	42.592592592592595	57.407407407407405
Seq_1526598	38.63636363636363	0.0	61.36363636363637
Seq_1529797	23.376623376623375	14.285714285714285	62.33766233766234
Seq_890654	36.36363636363637	25.0	38.63636363636363
Seq_878351	4.615384615384616	52.307692307692314	43.07692307692308
Seq_567866	52.0	20.0	28.000000000000004
Seq_9048	20.0	26.25	53.75
Seq_844706	0.0	0.0	100.0
Seq_37266	44.44444444444444	11.11111111111111	44.44444444444444
Seq_1263272	35.55555555555556	0.0	64.44444444444444
Seq_95486	22.22222222222222	33.33333333333333	44.44444444444444
Seq_1253347	11.688311688311687	35.064935064935064	53.246753246753244
Seq_265898	36.84210526315789	31.57894736842105	31.57894736842105
Seq_1676021	71.64179104477611	0.0	28.35820895522388
Seq_1075052	43.28358208955223	14.925373134328357	41.7910447761194
Seq_9349	45.83333333333333	22.916666666666664	31.25
Seq_1361636	0.0	59.32203389830508	40.67796610169492
Seq_1336726	52.72727272727272	0.0	47.27272727272727
Seq_1381248	22.727272727272727	40.909090909090914	36.36363636363637
Seq_1416238	40.42553191489361	38.297872340425535	21.27659574468085
Seq_471209	8.955223880597014	26.865671641791046	64.17910447761194
Seq_48706	53.06122448979592	18.367346938775512	28.57142857142857
Seq_1369459	15.873015873015872	0.0	84.12698412698413
Seq_1473096	6.896551724137931	36.206896551724135	56.896551724137936
Seq_465717	0.0	0.0	100.0
Seq_394336	46.51162790697674	11.627906976744185	41.86046511627907
Seq_484367	24.242424242424242	34.34343434343434	41.41414141414141
Seq_1316210	57.14285714285714	0.0	42.857142857142854
Seq_159701	52.38095238095239	9.523809523809524	38.095238095238095
Seq_190972	86.79245283018868	0.0	13.20754716981132
Seq_1110912	23.076923076923077	38.46153846153847	38.46153846153847
Seq_938714	0.0	37.5	62.5
Seq_1458398	32.20338983050847	15.254237288135593	52.54237288135594
Seq_1327724	59.183673469387756	20.408163265306122	20.408163265306122
Seq_251351	0.0	0.0	100.0
Seq_284022	51.06382978723404	14.893617021276595	34.04255319148936
Seq_796107	27.419354838709676	30.64516129032258	41.935483870967744
Seq_20095	43.93939393939394	19.696969696969695	36.36363636363637
Seq_1604519	40.4040404040404	17.17171717171717	42.42424242424242
Seq_1587741	66.98113207547169	0.0	33.0188679245283
Seq_1652965	0.0	50.847457627118644	49.152542372881356
Seq_647070	5.555555555555555	31.48148148148148	62.96296296296296
Seq_1576647	0.0	59.09090909090909	40.909090909090914
Seq_376045	21.333333333333336	46.666666666666664	32.0
Seq_737795	13.513513513513514	44.5945945945946	41.891891891891895
Seq_413651	76.59574468085107	8.51063829787234	14.893617021276595
Seq_340046	43.47826086956522	23.91304347826087	32.608695652173914
Seq_1243932	7.6923076923076925	0.0	92.3076923076923
Seq_442184	5.0	47.5	47.5
Seq_890866	18.91891891891892	0.0	81.08108108108108
Seq_245747	38.297872340425535	10.638297872340425	51.06382978723404
Seq_205232	92.45283018867924	0.0	7.547169811320755
Seq_1184224	5.555555555555555	46.2962962962963	48.148148148148145
Seq_282863	16.43835616438356	0.0	83.56164383561644
Seq_1191920	34.72222222222222	16.666666666666664	48.61111111111111
Seq_1468674	0.0	39.34426229508197	60.65573770491803
Seq_166821	20.0	0.0	80.0
Seq_1468678	4.285714285714286	42.857142857142854	52.85714285714286
Seq_234497	38.34586466165413	24.81203007518797	36.84210526315789
Seq_683205	47.5	15.0	37.5
Seq_1647738	11.940298507462686	7.462686567164178	80.59701492537313
Seq_1507338	13.953488372093023	25.581395348837212	60.46511627906976
Seq_1647730	9.30232558139535	16.27906976744186	74.4186046511628
Seq_671320	0.0	0.0	100.0
Seq_1273526	0.0	23.809523809523807	76.19047619047619
Seq_516209	45.76271186440678	15.254237288135593	38.983050847457626
Seq_1343154	78.66666666666666	0.0	21.333333333333336
Seq_351752	45.07042253521127	22.535211267605636	32.3943661971831
Seq_471685	20.454545454545457	9.090909090909092	70.45454545454545
Seq_76953	57.446808510638306	17.02127659574468	25.53191489361702
Seq_1673057	5.88235294117647	41.17647058823529	52.94117647058824
Seq_321543	36.486486486486484	18.91891891891892	44.5945945945946
Seq_808726	0.0	49.2063492063492	50.79365079365079
Seq_1376228	7.5	45.0	47.5
Seq_255897	18.51851851851852	5.555555555555555	75.92592592592592
Seq_125080	3.6363636363636362	36.36363636363637	60.0
Seq_678709	41.25	25.0	33.75
Seq_253251	0.0	56.16438356164384	43.83561643835616
Seq_1351691	71.11111111111111	4.444444444444445	24.444444444444443
Seq_329804	56.9620253164557	3.79746835443038	39.24050632911392
Seq_1140218	70.73170731707317	2.4390243902439024	26.82926829268293
Seq_1096304	30.0	11.25	58.75
Seq_396526	82.5	0.0	17.5
Seq_1023194	0.0	44.06779661016949	55.932203389830505
Seq_79537	65.0	0.0	35.0
Seq_863399	34.32835820895522	17.91044776119403	47.76119402985074
Seq_545791	46.15384615384615	7.6923076923076925	46.15384615384615
Seq_85903	43.103448275862064	22.413793103448278	34.48275862068966
Seq_1015655	41.46341463414634	0.0	58.536585365853654
Seq_896604	9.836065573770492	27.86885245901639	62.295081967213115
Seq_806241	47.72727272727273	15.909090909090908	36.36363636363637
Seq_1425204	58.139534883720934	13.953488372093023	27.906976744186046
Seq_587263	2.380952380952381	0.0	97.61904761904762
Seq_1296097	19.230769230769234	40.38461538461539	40.38461538461539
Seq_117290	42.30769230769231	17.307692307692307	40.38461538461539
Seq_1559657	5.555555555555555	48.148148148148145	46.2962962962963
Seq_35515	23.943661971830984	18.30985915492958	57.74647887323944
Seq_829143	38.095238095238095	14.285714285714285	47.61904761904761
Seq_164822	6.8181818181818175	13.636363636363635	79.54545454545455
Seq_1526605	24.489795918367346	0.0	75.51020408163265
Seq_1053881	24.390243902439025	26.82926829268293	48.78048780487805
Seq_1020107	25.37313432835821	20.8955223880597	53.73134328358209
Seq_989919	41.86046511627907	13.953488372093023	44.18604651162791
Seq_244224	0.0	0.0	100.0
Seq_1257297	53.65853658536586	9.75609756097561	36.58536585365854
Seq_95681	19.607843137254903	7.8431372549019605	72.54901960784314
Seq_554666	40.69767441860465	13.953488372093023	45.348837209302324
Seq_442148	23.809523809523807	30.952380952380953	45.23809523809524
Seq_1254514	58.2089552238806	0.0	41.7910447761194
Seq_1184301	37.5	18.75	43.75
Seq_1271369	0.0	6.976744186046512	93.02325581395348
Seq_600886	73.80952380952381	0.0	26.190476190476193
Seq_650975	17.857142857142858	32.142857142857146	50.0
Seq_84723	61.76470588235294	0.0	38.23529411764706
Seq_1648445	50.0	29.6875	20.3125
Seq_1368381	8.823529411764707	39.705882352941174	51.470588235294116
Seq_1117333	34.69387755102041	16.3265306122449	48.97959183673469
Seq_735682	17.94871794871795	17.94871794871795	64.1025641025641
Seq_1559495	0.0	41.9753086419753	58.0246913580247
Seq_352635	63.934426229508205	0.0	36.0655737704918
Seq_490668	43.05555555555556	18.055555555555554	38.88888888888889
Seq_340170	31.25	28.749999999999996	40.0
Seq_648628	12.5	39.58333333333333	47.91666666666667
Seq_838906	4.3478260869565215	39.130434782608695	56.52173913043478
Seq_1462041	0.0	1.8518518518518516	98.14814814814815
Seq_499200	0.0	0.0	100.0
Seq_658750	0.0	0.0	100.0
Seq_1293951	53.333333333333336	11.11111111111111	35.55555555555556
Seq_1443585	32.142857142857146	14.285714285714285	53.57142857142857
Seq_865372	15.384615384615385	9.615384615384617	75.0
Seq_1646468	14.925373134328357	28.35820895522388	56.71641791044776
Seq_1374608	0.0	3.225806451612903	96.7741935483871
Seq_1713191	39.705882352941174	0.0	60.29411764705882
Seq_475670	40.74074074074074	18.51851851851852	40.74074074074074
Seq_757219	21.052631578947366	39.473684210526315	39.473684210526315
Seq_816429	17.5	28.333333333333332	54.166666666666664
Seq_619365	48.97959183673469	14.285714285714285	36.734693877551024
Seq_647035	27.027027027027028	30.630630630630627	42.34234234234234
Seq_1507306	14.634146341463413	26.82926829268293	58.536585365853654
Seq_515939	29.47368421052631	17.894736842105264	52.63157894736842
Seq_1492233	54.23728813559322	0.0	45.76271186440678
Seq_741462	50.0	0.0	50.0
Seq_14269	44.26229508196721	29.508196721311474	26.229508196721312
Seq_1197868	54.166666666666664	11.11111111111111	34.72222222222222
Seq_1262167	45.714285714285715	2.857142857142857	51.42857142857142
Seq_1419241	66.66666666666666	11.538461538461538	21.794871794871796
Seq_1188176	50.0	0.0	50.0
Seq_494623	26.25	26.25	47.5
Seq_1200431	24.444444444444443	4.444444444444445	71.11111111111111
Seq_313124	41.1214953271028	32.71028037383177	26.168224299065418
Seq_332439	19.767441860465116	24.418604651162788	55.81395348837209
Seq_863343	49.01960784313725	7.8431372549019605	43.13725490196079
Seq_767789	49.36708860759494	15.18987341772152	35.44303797468354
Seq_1344731	43.39622641509434	0.0	56.60377358490566
Seq_1230575	11.688311688311687	58.44155844155844	29.87012987012987
Seq_488830	35.38461538461539	18.461538461538463	46.15384615384615
Seq_54047	16.129032258064516	31.182795698924732	52.68817204301075
Seq_1381309	23.076923076923077	38.46153846153847	38.46153846153847
Seq_1423722	15.11627906976744	35.46511627906977	49.41860465116279
Seq_643498	26.923076923076923	38.46153846153847	34.61538461538461
Seq_551743	50.72463768115942	0.0	49.275362318840585
Seq_574256	46.2962962962963	25.925925925925924	27.77777777777778
Seq_1263243	50.0	5.88235294117647	44.11764705882353
Seq_671130	0.0	0.0	100.0
Seq_980204	53.57142857142857	4.761904761904762	41.66666666666667
Seq_1276610	42.465753424657535	30.136986301369863	27.397260273972602
Seq_726424	43.93939393939394	24.242424242424242	31.818181818181817
Seq_1140678	36.76470588235294	22.058823529411764	41.17647058823529
Seq_490801	0.0	28.40909090909091	71.5909090909091
Seq_396043	86.66666666666667	0.0	13.333333333333334
Seq_19899	18.0327868852459	36.0655737704918	45.90163934426229
Seq_896639	0.0	0.0	100.0
Seq_916673	64.51612903225806	1.6129032258064515	33.87096774193548
Seq_1506775	75.0	0.0	25.0
Seq_1487542	9.090909090909092	46.590909090909086	44.31818181818182
Seq_1103092	48.78048780487805	12.195121951219512	39.02439024390244
Seq_1585303	14.117647058823529	54.11764705882353	31.76470588235294
Seq_1426687	0.0	24.0	76.0
Seq_1221844	68.6046511627907	0.0	31.3953488372093
Seq_117249	63.33333333333333	6.666666666666667	30.0
Seq_353017	45.45454545454545	0.0	54.54545454545454
Seq_975835	29.411764705882355	18.823529411764707	51.76470588235295
Seq_383751	80.0	0.0	20.0
Seq_490722	6.666666666666667	37.77777777777778	55.55555555555556
Seq_1148942	25.581395348837212	18.6046511627907	55.81395348837209
Seq_447299	39.53488372093023	18.6046511627907	41.86046511627907
Seq_1706242	26.984126984126984	7.936507936507936	65.07936507936508
Seq_1201743	20.37037037037037	0.0	79.62962962962963
Seq_455815	18.181818181818183	36.36363636363637	45.45454545454545
Seq_970869	7.8431372549019605	11.76470588235294	80.3921568627451
Seq_1140687	11.363636363636363	27.27272727272727	61.36363636363637
Seq_1300937	9.859154929577464	29.577464788732392	60.56338028169014
Seq_251342	8.641975308641975	0.0	91.35802469135803
Seq_1492724	29.82456140350877	22.807017543859647	47.368421052631575
Seq_412140	17.341040462427745	0.0	82.65895953757226
Seq_1073327	56.88073394495413	7.339449541284404	35.77981651376147
Seq_511831	51.35135135135135	14.864864864864865	33.78378378378378
Seq_564531	0.0	0.0	100.0
Seq_1559599	0.0	45.45454545454545	54.54545454545454
Seq_1302472	0.0	50.54945054945055	49.45054945054945
Seq_1296105	27.77777777777778	34.72222222222222	37.5
Seq_974135	29.230769230769234	27.692307692307693	43.07692307692308
Seq_1243924	0.0	0.0	100.0
Seq_222056	5.357142857142857	32.142857142857146	62.5
Seq_470820	59.42028985507246	0.0	40.57971014492754
Seq_307495	16.129032258064516	24.731182795698924	59.13978494623656
Seq_349478	66.66666666666666	0.0	33.33333333333333
Seq_196748	65.15151515151516	4.545454545454546	30.303030303030305
Seq_256146	46.774193548387096	12.903225806451612	40.32258064516129
Seq_738631	59.523809523809526	0.0	40.476190476190474
Seq_349575	45.09803921568628	0.0	54.90196078431373
Seq_643531	52.307692307692314	16.923076923076923	30.76923076923077
Seq_144431	37.634408602150536	21.50537634408602	40.86021505376344
Seq_115524	28.57142857142857	22.448979591836736	48.97959183673469
Seq_1053827	23.809523809523807	30.952380952380953	45.23809523809524
Seq_991896	33.33333333333333	4.761904761904762	61.904761904761905
Seq_1172834	24.03846153846154	17.307692307692307	58.65384615384615
Seq_159405	42.857142857142854	11.904761904761903	45.23809523809524
Seq_218881	83.33333333333334	0.0	16.666666666666664
Seq_1313221	58.333333333333336	13.88888888888889	27.77777777777778
Seq_976228	0.0	0.0	100.0
Seq_98898	51.02040816326531	10.204081632653061	38.775510204081634
Seq_1150660	51.21951219512195	12.195121951219512	36.58536585365854
Seq_1646416	0.0	36.666666666666664	63.33333333333333
Seq_1418838	14.414414414414415	25.225225225225223	60.36036036036037
Seq_110621	49.056603773584904	26.41509433962264	24.528301886792452
Seq_1234400	52.112676056338024	19.718309859154928	28.169014084507044
Seq_199584	27.368421052631582	24.210526315789473	48.421052631578945
Seq_745115	0.0	46.2962962962963	53.70370370370371
Seq_319281	0.0	59.57446808510638	40.42553191489361
Seq_1629084	73.80952380952381	0.0	26.190476190476193
Seq_1584653	4.411764705882353	44.11764705882353	51.470588235294116
Seq_479392	44.927536231884055	10.144927536231885	44.927536231884055
Seq_185324	83.6734693877551	0.0	16.3265306122449
Seq_1506105	35.84905660377358	15.09433962264151	49.056603773584904
Seq_1539654	27.659574468085108	36.17021276595745	36.17021276595745
Seq_1273726	0.0	20.930232558139537	79.06976744186046
Seq_366553	14.705882352941178	39.705882352941174	45.588235294117645
Seq_1102974	33.33333333333333	33.33333333333333	33.33333333333333
Seq_916637	39.34426229508197	27.86885245901639	32.78688524590164
Seq_256249	38.35616438356164	16.43835616438356	45.20547945205479
Seq_329682	51.06382978723404	17.02127659574468	31.914893617021278
Seq_533961	60.37735849056604	0.0	39.62264150943396
Seq_878308	0.0	27.27272727272727	72.72727272727273
Seq_586287	75.23809523809524	1.9047619047619049	22.857142857142858
Seq_789244	56.71641791044776	5.970149253731343	37.3134328358209
Seq_942530	65.45454545454545	10.909090909090908	23.636363636363637
Seq_310677	9.25925925925926	25.925925925925924	64.81481481481481
Seq_1485713	77.77777777777779	0.0	22.22222222222222
Seq_1559764	4.545454545454546	45.45454545454545	50.0
Seq_66787	27.906976744186046	30.23255813953488	41.86046511627907
Seq_194691	37.68115942028986	18.84057971014493	43.47826086956522
Seq_1054024	55.55555555555556	3.1746031746031744	41.269841269841265
Seq_735984	62.264150943396224	0.0	37.735849056603776
Seq_187978	72.3404255319149	0.0	27.659574468085108
Seq_1405582	0.0	10.256410256410255	89.74358974358975
Seq_1630356	22.413793103448278	32.758620689655174	44.827586206896555
Seq_745029	32.6530612244898	0.0	67.3469387755102
Seq_737736	0.0	37.77777777777778	62.22222222222222
Seq_1574541	66.66666666666666	7.142857142857142	26.190476190476193
Seq_150761	46.774193548387096	3.225806451612903	50.0
Seq_560532	34.285714285714285	22.857142857142858	42.857142857142854
Seq_567842	43.66197183098591	22.535211267605636	33.80281690140845
Seq_931487	42.10526315789473	0.0	57.89473684210527
Seq_1366016	0.0	0.0	100.0
Seq_979469	38.18181818181819	23.636363636363637	38.18181818181819
Seq_390232	38.983050847457626	20.33898305084746	40.67796610169492
Seq_615184	32.58426966292135	37.07865168539326	30.337078651685395
Seq_1593280	34.92063492063492	28.57142857142857	36.507936507936506
Seq_1638281	19.607843137254903	5.88235294117647	74.50980392156863
Seq_547230	0.0	0.0	100.0
Seq_400518	59.25925925925925	7.4074074074074066	33.33333333333333
Seq_116507	4.838709677419355	43.54838709677419	51.61290322580645
Seq_1649579	30.0	20.0	50.0
Seq_568126	40.42553191489361	38.297872340425535	21.27659574468085
Seq_878322	0.0	31.428571428571427	68.57142857142857
Seq_1174923	37.2093023255814	39.53488372093023	23.25581395348837
Seq_1123647	30.18867924528302	9.433962264150944	60.37735849056604
Seq_1483028	46.15384615384615	23.076923076923077	30.76923076923077
Seq_1301175	0.0	0.0	100.0
Seq_191039	87.75510204081633	0.0	12.244897959183673
Seq_196345	6.382978723404255	35.1063829787234	58.51063829787234
Seq_706495	32.5	12.5	55.00000000000001
Seq_1648578	19.607843137254903	38.23529411764706	42.15686274509804
Seq_1506927	88.70967741935483	0.0	11.29032258064516
Seq_467648	42.5	15.0	42.5
Seq_1494049	38.095238095238095	26.190476190476193	35.714285714285715
Seq_1212168	59.72222222222222	20.833333333333336	19.444444444444446
Seq_1648471	39.04761904761905	33.33333333333333	27.61904761904762
Seq_40970	27.77777777777778	20.833333333333336	51.388888888888886
Seq_1629103	73.17073170731707	0.0	26.82926829268293
Seq_1518299	32.6530612244898	4.081632653061225	63.26530612244898
Seq_624864	30.303030303030305	7.07070707070707	62.62626262626263
Seq_1137354	48.78048780487805	17.073170731707318	34.146341463414636
Seq_484947	40.0	35.0	25.0
Seq_244521	0.0	0.0	100.0
Seq_244526	0.0	0.0	100.0
Seq_551553	18.055555555555554	23.61111111111111	58.333333333333336
Seq_434141	18.461538461538463	26.153846153846157	55.38461538461539
Seq_45297	13.953488372093023	32.55813953488372	53.48837209302325
Seq_985754	61.458333333333336	11.458333333333332	27.083333333333332
Seq_838911	4.597701149425287	41.37931034482759	54.02298850574713
Seq_411337	13.953488372093023	11.627906976744185	74.4186046511628
Seq_998395	53.125	12.5	34.375
Seq_737832	7.0588235294117645	0.0	92.94117647058823
Seq_693964	0.0	0.0	100.0
Seq_1290691	32.0	16.0	52.0
Seq_394554	57.49999999999999	15.0	27.500000000000004
Seq_256231	45.16129032258064	12.903225806451612	41.935483870967744
Seq_96651	14.634146341463413	12.195121951219512	73.17073170731707
Seq_1343045	79.6875	0.0	20.3125
Seq_1265957	60.0	8.333333333333332	31.666666666666664
Seq_705684	70.37037037037037	6.172839506172839	23.456790123456788
Seq_1587791	66.66666666666666	0.0	33.33333333333333
Seq_131613	26.53061224489796	10.204081632653061	63.26530612244898
Seq_916660	86.66666666666667	0.0	13.333333333333334
Seq_1243961	11.76470588235294	8.823529411764707	79.41176470588235
Seq_665365	50.0	21.73913043478261	28.26086956521739
Seq_1307299	29.09090909090909	43.63636363636363	27.27272727272727
Seq_1176036	49.333333333333336	14.666666666666666	36.0
Seq_714370	14.814814814814813	44.44444444444444	40.74074074074074
Seq_638753	45.614035087719294	0.0	54.385964912280706
Seq_6606	48.484848484848484	15.151515151515152	36.36363636363637
Seq_915313	22.857142857142858	14.285714285714285	62.857142857142854
Seq_714375	13.793103448275861	41.37931034482759	44.827586206896555
Seq_915310	14.814814814814813	20.37037037037037	64.81481481481481
Seq_40790	11.538461538461538	26.923076923076923	61.53846153846154
Seq_597076	36.36363636363637	18.181818181818183	45.45454545454545
Seq_1373752	0.0	0.0	100.0
Seq_76831	52.38095238095239	9.523809523809524	38.095238095238095
Seq_747454	4.918032786885246	31.147540983606557	63.934426229508205
Seq_1376203	5.454545454545454	45.45454545454545	49.09090909090909
Seq_580567	86.20689655172413	0.0	13.793103448275861
Seq_337817	0.0	45.348837209302324	54.65116279069767
Seq_951419	28.57142857142857	33.33333333333333	38.095238095238095
Seq_66103	75.0	0.0	25.0
Seq_1349815	24.358974358974358	24.358974358974358	51.28205128205128
Seq_945531	56.060606060606055	18.181818181818183	25.757575757575758
Seq_66695	16.666666666666664	31.25	52.083333333333336
Seq_977274	31.914893617021278	17.02127659574468	51.06382978723404
Seq_299355	47.61904761904761	23.809523809523807	28.57142857142857
Seq_1015450	34.146341463414636	4.878048780487805	60.97560975609756
Seq_1371223	30.612244897959183	24.489795918367346	44.89795918367347
Seq_832254	43.75	20.833333333333336	35.41666666666667
Seq_970672	28.735632183908045	39.08045977011494	32.18390804597701
Seq_1036113	47.88732394366197	0.0	52.112676056338024
Seq_1199179	37.096774193548384	30.64516129032258	32.25806451612903
Seq_972572	42.1875	15.625	42.1875
Seq_1728416	4.838709677419355	27.419354838709676	67.74193548387096
Seq_483922	22.807017543859647	31.57894736842105	45.614035087719294
Seq_1290821	31.818181818181817	27.27272727272727	40.909090909090914
Seq_1150751	0.0	46.808510638297875	53.191489361702125
Seq_1648890	47.72727272727273	20.454545454545457	31.818181818181817
Seq_243043	54.90196078431373	11.76470588235294	33.33333333333333
Seq_165724	0.0	42.857142857142854	57.14285714285714
Seq_916646	47.05882352941176	27.941176470588236	25.0
Seq_1302052	0.0	0.0	100.0
Seq_1042382	10.344827586206897	53.44827586206896	36.206896551724135
Seq_174887	42.25352112676056	19.718309859154928	38.028169014084504
Seq_66076	75.0	0.0	25.0
Seq_301759	49.056603773584904	20.754716981132077	30.18867924528302
Seq_1014779	4.761904761904762	60.317460317460316	34.92063492063492
Seq_544820	14.893617021276595	44.680851063829785	40.42553191489361
Seq_251843	0.0	0.0	100.0
Seq_1296556	30.0	40.0	30.0
Seq_997211	16.417910447761194	26.865671641791046	56.71641791044776
Seq_691158	28.915662650602407	26.506024096385545	44.57831325301205
Seq_1263229	23.333333333333332	6.666666666666667	70.0
Seq_1111155	27.659574468085108	44.680851063829785	27.659574468085108
Seq_574230	53.2608695652174	15.217391304347828	31.521739130434785
Seq_1559823	5.063291139240507	55.69620253164557	39.24050632911392
Seq_1233533	43.47826086956522	0.0	56.52173913043478
Seq_691156	55.26315789473685	0.0	44.73684210526316
Seq_1259328	29.78723404255319	24.46808510638298	45.744680851063826
Seq_1305243	3.896103896103896	0.0	96.1038961038961
Seq_547208	0.0	0.0	100.0
Seq_268117	34.523809523809526	32.142857142857146	33.33333333333333
Seq_1093513	4.411764705882353	38.23529411764706	57.35294117647059
Seq_1312772	0.0	0.0	100.0
Seq_1238092	38.88888888888889	14.444444444444443	46.666666666666664
Seq_467692	36.144578313253014	16.867469879518072	46.98795180722892
Seq_979437	45.45454545454545	21.21212121212121	33.33333333333333
Seq_282396	10.81081081081081	44.5945945945946	44.5945945945946
Seq_1336000	34.66666666666667	26.666666666666668	38.666666666666664
Seq_1669859	0.0	45.23809523809524	54.761904761904766
Seq_195521	36.36363636363637	15.909090909090908	47.72727272727273
Seq_340028	39.285714285714285	19.642857142857142	41.07142857142857
Seq_195447	41.0958904109589	16.43835616438356	42.465753424657535
Seq_1740455	64.28571428571429	11.904761904761903	23.809523809523807
Seq_1634647	80.23255813953489	0.0	19.767441860465116
Seq_1254471	53.2258064516129	0.0	46.774193548387096
Seq_164633	17.741935483870968	12.903225806451612	69.35483870967742
Seq_1184242	8.333333333333332	6.944444444444445	84.72222222222221
Seq_336315	57.89473684210527	0.0	42.10526315789473
Seq_1212112	31.818181818181817	13.636363636363635	54.54545454545454
Seq_971786	4.6875	37.5	57.8125
Seq_893938	81.17647058823529	0.0	18.823529411764707
Seq_1730779	20.0	41.53846153846154	38.46153846153847
Seq_776895	23.636363636363637	27.27272727272727	49.09090909090909
Seq_303807	0.0	0.0	100.0
Seq_283324	53.42465753424658	0.0	46.57534246575342
Seq_1485793	81.63265306122449	0.0	18.367346938775512
Seq_656299	26.08695652173913	18.478260869565215	55.434782608695656
Seq_375935	61.53846153846154	7.6923076923076925	30.76923076923077
Seq_340875	9.58904109589041	45.20547945205479	45.20547945205479
Seq_57641	71.42857142857143	0.0	28.57142857142857
Seq_838880	0.0	48.0	52.0
Seq_940182	0.0	0.0	100.0
Seq_253275	12.5	37.5	50.0
Seq_745109	0.0	42.22222222222222	57.77777777777777
Seq_635540	26.31578947368421	14.035087719298245	59.64912280701754
Seq_865452	53.125	20.3125	26.5625
Seq_1302238	0.0	58.536585365853654	41.46341463414634
Seq_1090064	60.416666666666664	0.0	39.58333333333333
Seq_1292588	52.77777777777778	20.833333333333336	26.38888888888889
Seq_647017	10.606060606060606	21.21212121212121	68.18181818181817
Seq_1582368	0.0	47.91666666666667	52.083333333333336
Seq_1547997	50.0	15.151515151515152	34.84848484848485
Seq_448346	0.0	6.557377049180328	93.44262295081968
Seq_1409923	24.390243902439025	31.70731707317073	43.90243902439025
Seq_1524456	80.95238095238095	0.0	19.047619047619047
Seq_462253	61.76470588235294	0.0	38.23529411764706
Seq_1252961	14.583333333333334	14.583333333333334	70.83333333333334
Seq_409746	36.0	35.0	28.999999999999996
Seq_659457	0.0	46.0	54.0
Seq_150832	34.54545454545455	12.727272727272727	52.72727272727272
Seq_1462110	32.35294117647059	0.0	67.64705882352942
Seq_526022	47.368421052631575	25.0	27.631578947368425
Seq_50719	9.615384615384617	13.461538461538462	76.92307692307693
Seq_227777	35.714285714285715	19.387755102040817	44.89795918367347
Seq_1288085	0.0	51.61290322580645	48.38709677419355
Seq_619361	53.125	14.0625	32.8125
Seq_323061	6.0	50.0	44.0
Seq_96709	25.925925925925924	24.074074074074073	50.0
Seq_1150393	44.18604651162791	19.767441860465116	36.04651162790697
Seq_202403	22.22222222222222	5.555555555555555	72.22222222222221
Seq_738165	14.000000000000002	14.000000000000002	72.0
Seq_1585214	0.0	40.42553191489361	59.57446808510638
Seq_412043	33.33333333333333	31.11111111111111	35.55555555555556
Seq_844724	0.0	0.0	100.0
Seq_549325	37.5	18.75	43.75
Seq_806280	28.888888888888886	22.22222222222222	48.888888888888886
Seq_1446128	56.00000000000001	20.0	24.0
Seq_1400357	0.0	0.0	100.0
Seq_303578	17.142857142857142	2.857142857142857	80.0
Seq_615175	40.27777777777778	31.944444444444443	27.77777777777778
Seq_1578079	85.45454545454545	0.0	14.545454545454545
Seq_288182	48.333333333333336	20.0	31.666666666666664
Seq_490821	0.0	37.254901960784316	62.745098039215684
Seq_1277596	69.44444444444444	0.0	30.555555555555557
Seq_1716274	45.45454545454545	6.0606060606060606	48.484848484848484
Seq_1475891	0.0	0.0	100.0
Seq_37312	43.47826086956522	10.869565217391305	45.65217391304348
Seq_1468573	0.0	62.5	37.5
Seq_190982	87.71929824561403	0.0	12.280701754385964
Seq_1402080	6.666666666666667	42.22222222222222	51.11111111111111
Seq_916615	5.084745762711865	0.0	94.91525423728814
Seq_1733817	66.66666666666666	8.333333333333332	25.0
Seq_143790	62.5	18.75	18.75
Seq_782128	15.068493150684931	0.0	84.93150684931507
Seq_773877	17.073170731707318	19.51219512195122	63.41463414634146
Seq_972535	36.0	14.666666666666666	49.333333333333336
Seq_923170	48.717948717948715	0.0	51.28205128205128
Seq_464281	5.0	0.0	95.0
Seq_1300497	0.0	52.800000000000004	47.199999999999996
Seq_477380	79.24528301886792	3.7735849056603774	16.9811320754717
Seq_1221863	67.56756756756756	0.0	32.432432432432435
Seq_799832	0.0	0.0	100.0
Seq_1552710	31.868131868131865	15.384615384615385	52.74725274725275
Seq_116495	9.25925925925926	1.8518518518518516	88.88888888888889
Seq_307378	0.0	0.0	100.0
Seq_256054	38.775510204081634	22.448979591836736	38.775510204081634
Seq_1149047	41.66666666666667	25.0	33.33333333333333
Seq_91522	57.28155339805825	19.41747572815534	23.300970873786408
Seq_837991	14.000000000000002	30.0	56.00000000000001
Seq_398327	23.214285714285715	33.92857142857143	42.857142857142854
Seq_178578	56.38297872340425	0.0	43.61702127659575
Seq_489726	46.666666666666664	14.666666666666666	38.666666666666664
Seq_412251	18.0	2.0	80.0
Seq_689928	32.758620689655174	24.137931034482758	43.103448275862064
Seq_1492203	0.0	0.0	100.0
Seq_1435795	73.91304347826086	6.521739130434782	19.565217391304348
Seq_1604588	37.735849056603776	18.867924528301888	43.39622641509434
Seq_1189155	23.18840579710145	17.391304347826086	59.42028985507246
Seq_202145	33.80281690140845	21.12676056338028	45.07042253521127
Seq_1301469	0.0	0.0	100.0
Seq_113563	0.0	15.306122448979592	84.6938775510204
Seq_1552624	60.0	7.2727272727272725	32.72727272727273
Seq_169377	7.086614173228346	48.818897637795274	44.09448818897638
Seq_931596	36.986301369863014	15.068493150684931	47.94520547945205
Seq_977500	48.78048780487805	12.195121951219512	39.02439024390244
Seq_920990	0.0	0.0	100.0
Seq_1508466	59.45945945945946	12.162162162162163	28.37837837837838
Seq_940094	0.0	0.0	100.0
Seq_66261	0.0	0.0	100.0
Seq_1148720	25.581395348837212	25.581395348837212	48.837209302325576
Seq_1184212	0.0	2.5	97.5
Seq_580420	3.4090909090909087	52.27272727272727	44.31818181818182
Seq_540754	34.0	28.000000000000004	38.0
Seq_34371	10.526315789473683	25.0	64.47368421052632
Seq_1450314	32.55813953488372	0.0	67.44186046511628
Seq_671062	0.0	0.0	100.0
Seq_823231	29.82456140350877	36.84210526315789	33.33333333333333
Seq_299614	17.543859649122805	15.789473684210526	66.66666666666666
Seq_1573174	38.88888888888889	23.61111111111111	37.5
Seq_553329	17.582417582417584	35.16483516483517	47.25274725274725
Seq_185623	36.986301369863014	24.65753424657534	38.35616438356164
Seq_1692635	37.254901960784316	35.294117647058826	27.450980392156865
Seq_909640	0.0	66.0	34.0
Seq_1450289	34.883720930232556	0.0	65.11627906976744
Seq_351581	8.88888888888889	15.555555555555555	75.55555555555556
Seq_658700	0.0	0.0	100.0
Seq_353713	49.074074074074076	11.11111111111111	39.81481481481482
Seq_1027978	17.24137931034483	40.229885057471265	42.5287356321839
Seq_1505851	23.333333333333332	25.555555555555554	51.11111111111111
Seq_1508268	72.61904761904762	0.0	27.380952380952383
Seq_439653	69.23076923076923	0.0	30.76923076923077
Seq_389865	36.231884057971016	20.28985507246377	43.47826086956522
Seq_1405664	53.333333333333336	6.666666666666667	40.0
Seq_222687	76.74418604651163	0.0	23.25581395348837
Seq_511839	41.74757281553398	21.35922330097087	36.89320388349515
Seq_1170946	0.0	28.205128205128204	71.7948717948718
Seq_366237	8.536585365853659	48.78048780487805	42.68292682926829
Seq_832242	31.506849315068493	35.61643835616438	32.87671232876712
Seq_408544	45.45454545454545	27.27272727272727	27.27272727272727
Seq_895820	1.7857142857142856	0.0	98.21428571428571
Seq_418493	0.0	56.25	43.75
Seq_976105	0.0	0.0	100.0
Seq_762236	76.19047619047619	0.0	23.809523809523807
Seq_545005	0.0	55.81395348837209	44.18604651162791
Seq_1222885	0.0	38.983050847457626	61.016949152542374
Seq_1589471	3.571428571428571	38.095238095238095	58.333333333333336
Seq_547364	0.0	0.0	100.0
Seq_997183	0.0	55.952380952380956	44.047619047619044
Seq_105378	52.23880597014925	10.44776119402985	37.3134328358209
Seq_613816	36.84210526315789	22.807017543859647	40.35087719298245
Seq_619354	37.28813559322034	25.423728813559322	37.28813559322034
Seq_584558	45.23809523809524	23.809523809523807	30.952380952380953
Seq_896593	13.043478260869565	41.30434782608695	45.65217391304348
Seq_396915	17.72151898734177	12.658227848101266	69.62025316455697
Seq_1161642	52.38095238095239	0.0	47.61904761904761
Seq_499463	31.343283582089555	23.88059701492537	44.776119402985074
Seq_801472	6.41025641025641	37.17948717948718	56.41025641025641
Seq_1078063	86.95652173913044	0.0	13.043478260869565
Seq_1287453	30.64516129032258	17.741935483870968	51.61290322580645
Seq_863708	37.93103448275862	20.689655172413794	41.37931034482759
Seq_940136	0.0	0.0	100.0
Seq_810308	5.172413793103448	43.103448275862064	51.724137931034484
Seq_1302633	0.0	57.407407407407405	42.592592592592595
Seq_1506953	96.62921348314607	0.0	3.3707865168539324
Seq_412135	86.20689655172413	0.0	13.793103448275861
Seq_1042438	10.714285714285714	53.57142857142857	35.714285714285715
Seq_1126435	0.0	0.0	100.0
Seq_154998	64.44444444444444	4.444444444444445	31.11111111111111
Seq_1444347	18.867924528301888	33.9622641509434	47.16981132075472
Seq_179530	14.285714285714285	44.89795918367347	40.816326530612244
Seq_85987	44.642857142857146	17.857142857142858	37.5
Seq_1341514	48.78048780487805	0.0	51.21951219512195
Seq_299162	31.914893617021278	17.02127659574468	51.06382978723404
Seq_95609	27.11864406779661	25.423728813559322	47.45762711864407
Seq_1440216	28.000000000000004	30.0	42.0
Seq_37223	45.45454545454545	9.090909090909092	45.45454545454545
Seq_191375	69.23076923076923	0.0	30.76923076923077
Seq_33236	31.818181818181817	18.181818181818183	50.0
Seq_1716223	31.343283582089555	25.37313432835821	43.28358208955223
Seq_191373	76.78571428571429	0.0	23.214285714285715
Seq_340016	37.5	22.5	40.0
Seq_528958	46.25	1.25	52.5
Seq_1303765	0.0	56.25	43.75
Seq_1525530	14.035087719298245	45.614035087719294	40.35087719298245
Seq_1552443	11.475409836065573	52.459016393442624	36.0655737704918
Seq_116773	46.15384615384615	15.384615384615385	38.46153846153847
Seq_285691	4.081632653061225	59.183673469387756	36.734693877551024
Seq_552271	47.540983606557376	18.0327868852459	34.42622950819672
Seq_488305	8.98876404494382	14.606741573033707	76.40449438202246
Seq_1085765	26.923076923076923	25.0	48.07692307692308
Seq_1316314	23.52941176470588	15.686274509803921	60.78431372549019
Seq_1335789	6.666666666666667	48.888888888888886	44.44444444444444
Seq_540650	20.0	22.22222222222222	57.77777777777777
Seq_1628776	39.02439024390244	14.634146341463413	46.34146341463415
Seq_1659708	62.71186440677966	10.16949152542373	27.11864406779661
Seq_433428	0.0	36.95652173913043	63.04347826086957
Seq_895355	57.291666666666664	1.0416666666666665	41.66666666666667
Seq_249585	57.446808510638306	0.0	42.5531914893617
Seq_489096	43.63636363636363	13.636363636363635	42.72727272727273
Seq_694609	4.918032786885246	54.09836065573771	40.98360655737705
Seq_493889	0.0	0.0	100.0
