ID	H	E	C
Seq_2226635	0.0	30.909090909090907	69.0909090909091
Seq_2209833	60.0	12.5	27.500000000000004
Seq_2376386	64.28571428571429	1.7857142857142856	33.92857142857143
Seq_772923	12.82051282051282	30.76923076923077	56.41025641025641
Seq_2047194	0.0	0.0	100.0
Seq_659341	51.35135135135135	16.216216216216218	32.432432432432435
Seq_2297865	23.943661971830984	35.2112676056338	40.845070422535215
Seq_2252662	20.33898305084746	33.89830508474576	45.76271186440678
Seq_990865	12.068965517241379	1.7241379310344827	86.20689655172413
Seq_1501850	65.51724137931035	12.068965517241379	22.413793103448278
Seq_376318	19.696969696969695	4.545454545454546	75.75757575757575
Seq_1827415	7.6923076923076925	43.269230769230774	49.03846153846153
Seq_2068485	42.857142857142854	10.204081632653061	46.93877551020408
Seq_2023422	75.0	1.7857142857142856	23.214285714285715
Seq_1309319	0.0	28.947368421052634	71.05263157894737
Seq_757340	0.0	50.0	50.0
Seq_311660	0.0	14.285714285714285	85.71428571428571
Seq_2399008	42.168674698795186	19.27710843373494	38.55421686746988
Seq_116272	40.0	15.0	45.0
Seq_1211908	54.347826086956516	0.0	45.65217391304348
Seq_1738295	27.27272727272727	3.6363636363636362	69.0909090909091
Seq_2048596	53.333333333333336	11.666666666666666	35.0
Seq_143574	60.57692307692307	0.0	39.42307692307692
Seq_1094873	1.5384615384615385	33.84615384615385	64.61538461538461
Seq_911673	22.22222222222222	15.555555555555555	62.22222222222222
Seq_1359796	11.538461538461538	0.0	88.46153846153845
Seq_1934125	23.076923076923077	38.46153846153847	38.46153846153847
Seq_1019484	10.638297872340425	53.191489361702125	36.17021276595745
Seq_45631	0.0	51.02040816326531	48.97959183673469
Seq_707646	44.71544715447154	20.32520325203252	34.959349593495936
Seq_890499	41.66666666666667	15.0	43.333333333333336
Seq_783789	19.35483870967742	27.419354838709676	53.2258064516129
Seq_2199724	9.75609756097561	19.51219512195122	70.73170731707317
Seq_662057	0.0	0.0	100.0
Seq_2074268	28.000000000000004	2.666666666666667	69.33333333333334
Seq_40215	44.89795918367347	16.3265306122449	38.775510204081634
Seq_1397348	10.576923076923077	38.46153846153847	50.96153846153846
Seq_2244305	46.913580246913575	14.814814814814813	38.2716049382716
Seq_686000	30.88235294117647	23.52941176470588	45.588235294117645
Seq_1986094	32.758620689655174	0.0	67.24137931034483
Seq_370622	0.0	0.0	100.0
Seq_314760	54.385964912280706	8.771929824561402	36.84210526315789
Seq_2215127	69.72477064220183	0.9174311926605505	29.357798165137616
Seq_2346242	55.0561797752809	12.359550561797752	32.58426966292135
Seq_1089120	24.444444444444443	40.0	35.55555555555556
Seq_1657664	36.95652173913043	7.608695652173914	55.434782608695656
Seq_418417	27.659574468085108	17.02127659574468	55.319148936170215
Seq_540877	19.444444444444446	16.666666666666664	63.888888888888886
Seq_2343362	0.0	50.72463768115942	49.275362318840585
Seq_1700166	0.0	0.0	100.0
Seq_1304607	5.05050505050505	14.14141414141414	80.8080808080808
Seq_1626329	44.44444444444444	6.666666666666667	48.888888888888886
Seq_519540	30.952380952380953	35.714285714285715	33.33333333333333
Seq_2203437	6.557377049180328	27.86885245901639	65.57377049180327
Seq_1303149	71.15384615384616	0.0	28.846153846153843
Seq_862615	20.454545454545457	45.45454545454545	34.090909090909086
Seq_1623326	72.44897959183673	3.061224489795918	24.489795918367346
Seq_174414	55.38461538461539	9.230769230769232	35.38461538461539
Seq_1702671	13.513513513513514	45.94594594594595	40.54054054054054
Seq_1406694	43.87755102040816	20.408163265306122	35.714285714285715
Seq_304238	16.363636363636363	41.81818181818181	41.81818181818181
Seq_355236	86.8421052631579	2.631578947368421	10.526315789473683
Seq_1877506	25.757575757575758	27.27272727272727	46.96969696969697
Seq_1340414	8.823529411764707	41.17647058823529	50.0
Seq_174418	62.96296296296296	8.641975308641975	28.39506172839506
Seq_1397397	0.0	51.515151515151516	48.484848484848484
Seq_1118895	49.23076923076923	0.0	50.76923076923077
Seq_1541727	50.0	12.068965517241379	37.93103448275862
Seq_19323	71.42857142857143	0.0	28.57142857142857
Seq_766530	43.75	12.5	43.75
Seq_2158256	55.172413793103445	0.0	44.827586206896555
Seq_196062	36.84210526315789	28.07017543859649	35.08771929824561
Seq_758384	0.0	55.55555555555556	44.44444444444444
Seq_1166969	83.65384615384616	0.0	16.346153846153847
Seq_361477	1.834862385321101	0.0	98.1651376146789
Seq_1021819	5.194805194805195	6.493506493506493	88.31168831168831
Seq_99147	41.77215189873418	20.253164556962027	37.9746835443038
Seq_672312	26.190476190476193	40.476190476190474	33.33333333333333
Seq_360060	21.311475409836063	29.508196721311474	49.18032786885246
Seq_625126	23.28767123287671	0.0	76.71232876712328
Seq_2315300	47.5	17.5	35.0
Seq_2375381	50.0	9.615384615384617	40.38461538461539
Seq_371332	0.0	0.0	100.0
Seq_1316897	29.347826086956523	13.043478260869565	57.608695652173914
Seq_526282	58.22784810126582	11.39240506329114	30.37974683544304
Seq_342263	87.32394366197182	0.0	12.676056338028168
Seq_1265495	0.0	25.0	75.0
Seq_1827175	34.78260869565217	14.492753623188406	50.72463768115942
Seq_2173355	21.818181818181817	34.54545454545455	43.63636363636363
Seq_640074	15.09433962264151	37.735849056603776	47.16981132075472
Seq_2398044	10.869565217391305	47.82608695652174	41.30434782608695
Seq_1304698	32.926829268292686	34.146341463414636	32.926829268292686
Seq_772806	12.857142857142856	51.42857142857142	35.714285714285715
Seq_991323	25.0	20.833333333333336	54.166666666666664
Seq_2231496	6.382978723404255	38.297872340425535	55.319148936170215
Seq_1290110	36.93693693693694	27.027027027027028	36.03603603603604
Seq_610151	5.952380952380952	30.952380952380953	63.095238095238095
Seq_239007	18.96551724137931	24.137931034482758	56.896551724137936
Seq_869124	0.0	60.97560975609756	39.02439024390244
Seq_2315357	85.36585365853658	4.878048780487805	9.75609756097561
Seq_470883	30.666666666666664	33.33333333333333	36.0
Seq_576602	17.142857142857142	20.0	62.857142857142854
Seq_1850842	76.31578947368422	0.0	23.684210526315788
Seq_316744	0.0	61.016949152542374	38.983050847457626
Seq_326679	27.358490566037734	19.81132075471698	52.83018867924528
Seq_2046717	40.909090909090914	25.0	34.090909090909086
Seq_420328	46.666666666666664	13.333333333333334	40.0
Seq_783649	30.0	12.0	57.99999999999999
Seq_576609	57.14285714285714	1.4285714285714286	41.42857142857143
Seq_720085	39.130434782608695	7.246376811594203	53.62318840579711
Seq_792078	26.31578947368421	32.89473684210527	40.78947368421053
Seq_1741388	14.893617021276595	56.38297872340425	28.723404255319153
Seq_1806309	44.285714285714285	31.428571428571427	24.285714285714285
Seq_361402	0.0	0.0	100.0
Seq_1382832	0.0	52.38095238095239	47.61904761904761
Seq_758337	0.0	46.15384615384615	53.84615384615385
Seq_1335370	0.0	0.0	100.0
Seq_1447954	16.216216216216218	29.72972972972973	54.054054054054056
Seq_1903301	46.3768115942029	17.391304347826086	36.231884057971016
Seq_135101	31.16883116883117	16.883116883116884	51.94805194805194
Seq_2145221	11.11111111111111	29.629629629629626	59.25925925925925
Seq_731933	42.10526315789473	15.789473684210526	42.10526315789473
Seq_1811917	8.641975308641975	27.160493827160494	64.19753086419753
Seq_1497931	47.43589743589743	15.384615384615385	37.17948717948718
Seq_1305805	0.0	71.73913043478261	28.26086956521739
Seq_1699858	0.0	0.0	100.0
Seq_1021795	0.0	0.0	100.0
Seq_1760954	7.865168539325842	0.0	92.13483146067416
Seq_1623451	37.83783783783784	27.027027027027028	35.13513513513514
Seq_1882691	43.47826086956522	14.130434782608695	42.391304347826086
Seq_783076	11.475409836065573	19.672131147540984	68.85245901639344
Seq_1791327	64.28571428571429	0.0	35.714285714285715
Seq_2420075	20.967741935483872	43.54838709677419	35.483870967741936
Seq_2095196	16.9811320754717	43.39622641509434	39.62264150943396
Seq_2184815	58.92857142857143	0.0	41.07142857142857
Seq_2037017	19.047619047619047	36.507936507936506	44.44444444444444
Seq_213803	54.385964912280706	10.526315789473683	35.08771929824561
Seq_2273246	75.36231884057972	2.898550724637681	21.73913043478261
Seq_1527615	37.735849056603776	19.81132075471698	42.45283018867924
Seq_1043493	17.46031746031746	19.047619047619047	63.49206349206349
Seq_1346081	7.8431372549019605	35.294117647058826	56.86274509803921
Seq_746744	60.78431372549019	5.88235294117647	33.33333333333333
Seq_236798	38.46153846153847	12.307692307692308	49.23076923076923
Seq_68887	68.35443037974683	0.0	31.645569620253166
Seq_1070977	43.58974358974359	23.076923076923077	33.33333333333333
Seq_404771	100.0	0.0	0.0
Seq_2062709	15.384615384615385	42.30769230769231	42.30769230769231
Seq_529037	40.74074074074074	25.0	34.25925925925926
Seq_350579	22.857142857142858	45.714285714285715	31.428571428571427
Seq_779452	2.127659574468085	42.5531914893617	55.319148936170215
Seq_2048095	41.66666666666667	35.41666666666667	22.916666666666664
Seq_1324031	19.841269841269842	1.5873015873015872	78.57142857142857
Seq_2149774	31.76470588235294	20.0	48.23529411764706
Seq_758806	0.0	61.53846153846154	38.46153846153847
Seq_1261177	0.0	0.0	100.0
Seq_825084	31.11111111111111	15.555555555555555	53.333333333333336
Seq_136097	33.33333333333333	24.358974358974358	42.30769230769231
Seq_150842	0.0	0.0	100.0
Seq_1716851	19.642857142857142	32.142857142857146	48.214285714285715
Seq_1695661	41.74757281553398	18.446601941747574	39.80582524271845
Seq_821894	10.909090909090908	41.81818181818181	47.27272727272727
Seq_595287	15.053763440860216	47.31182795698925	37.634408602150536
Seq_787733	0.0	0.0	100.0
Seq_1938003	80.68181818181817	0.0	19.318181818181817
Seq_945192	0.0	0.0	100.0
Seq_2281344	57.8125	6.25	35.9375
Seq_1619083	5.194805194805195	49.35064935064935	45.45454545454545
Seq_1150770	44.44444444444444	8.641975308641975	46.913580246913575
Seq_303997	37.254901960784316	37.254901960784316	25.49019607843137
Seq_437901	33.0	19.0	48.0
Seq_711079	49.57983193277311	18.487394957983195	31.932773109243694
Seq_1758117	28.155339805825243	28.155339805825243	43.689320388349515
Seq_675483	32.25806451612903	35.483870967741936	32.25806451612903
Seq_1340446	9.75609756097561	46.34146341463415	43.90243902439025
Seq_389227	34.146341463414636	14.634146341463413	51.21951219512195
Seq_585648	0.0	0.0	100.0
Seq_2116043	41.46341463414634	14.634146341463413	43.90243902439025
Seq_1986263	0.0	0.0	100.0
Seq_1941046	35.2112676056338	2.8169014084507045	61.97183098591549
Seq_578285	63.934426229508205	6.557377049180328	29.508196721311474
Seq_876390	30.76923076923077	0.0	69.23076923076923
Seq_968261	0.0	0.0	100.0
Seq_307410	34.69387755102041	24.489795918367346	40.816326530612244
Seq_757257	0.0	51.02040816326531	48.97959183673469
Seq_376295	14.925373134328357	4.477611940298507	80.59701492537313
Seq_453867	35.0	31.666666666666664	33.33333333333333
Seq_1838911	0.0	0.0	100.0
Seq_787788	0.0	0.0	100.0
Seq_1231014	32.25806451612903	22.58064516129032	45.16129032258064
Seq_1191498	71.08433734939759	0.0	28.915662650602407
Seq_1222680	32.075471698113205	9.433962264150944	58.490566037735846
Seq_1769868	20.0	45.714285714285715	34.285714285714285
Seq_287177	7.547169811320755	9.433962264150944	83.01886792452831
Seq_1324844	0.0	42.64705882352941	57.35294117647059
Seq_1939270	0.0	28.000000000000004	72.0
Seq_661992	0.0	0.0	100.0
Seq_1619880	10.526315789473683	43.859649122807014	45.614035087719294
Seq_376464	37.28813559322034	20.33898305084746	42.3728813559322
Seq_1641547	48.0	10.0	42.0
Seq_1957378	24.074074074074073	30.555555555555557	45.370370370370374
Seq_645458	9.333333333333334	0.0	90.66666666666666
Seq_1423695	0.0	40.78947368421053	59.210526315789465
Seq_1903407	25.0	4.545454545454546	70.45454545454545
Seq_97259	0.0	0.0	100.0
Seq_1304557	38.82352941176471	2.3529411764705883	58.82352941176471
Seq_816724	0.0	0.0	100.0
Seq_1335294	88.23529411764706	0.0	11.76470588235294
Seq_1632038	57.14285714285714	4.761904761904762	38.095238095238095
Seq_759058	82.35294117647058	0.0	17.647058823529413
Seq_1431957	5.769230769230769	25.0	69.23076923076923
Seq_2326148	25.0	26.923076923076923	48.07692307692308
Seq_1835619	0.0	0.0	100.0
Seq_1329560	0.0	31.25	68.75
Seq_324405	0.0	0.0	100.0
Seq_666680	25.0	22.058823529411764	52.94117647058824
Seq_308128	5.263157894736842	24.561403508771928	70.17543859649122
Seq_76679	47.16981132075472	0.0	52.83018867924528
Seq_970258	42.465753424657535	20.54794520547945	36.986301369863014
Seq_1742229	25.806451612903224	7.526881720430108	66.66666666666666
Seq_692174	0.0	0.0	100.0
Seq_1848969	71.01449275362319	0.0	28.985507246376812
Seq_1594706	7.317073170731707	34.146341463414636	58.536585365853654
Seq_1535123	29.72972972972973	0.0	70.27027027027027
Seq_1985679	21.153846153846153	3.8461538461538463	75.0
Seq_750586	17.647058823529413	25.49019607843137	56.86274509803921
Seq_1210730	45.28301886792453	24.528301886792452	30.18867924528302
Seq_2064491	0.0	37.5	62.5
Seq_1738330	14.516129032258066	37.096774193548384	48.38709677419355
Seq_223331	37.735849056603776	0.0	62.264150943396224
Seq_2144991	30.909090909090907	23.636363636363637	45.45454545454545
Seq_1939197	17.46031746031746	31.746031746031743	50.79365079365079
Seq_1623817	60.29411764705882	14.705882352941178	25.0
Seq_393187	50.56179775280899	20.224719101123593	29.213483146067414
Seq_1824529	32.72727272727273	23.636363636363637	43.63636363636363
Seq_440104	44.44444444444444	18.51851851851852	37.03703703703704
Seq_63228	17.073170731707318	26.82926829268293	56.09756097560976
Seq_1829103	25.609756097560975	35.36585365853659	39.02439024390244
Seq_1903348	36.986301369863014	21.91780821917808	41.0958904109589
Seq_1556095	25.862068965517242	34.48275862068966	39.6551724137931
Seq_1334799	10.784313725490197	27.450980392156865	61.76470588235294
Seq_1389983	61.904761904761905	8.333333333333332	29.761904761904763
Seq_764598	93.02325581395348	0.0	6.976744186046512
Seq_1334127	7.8125	37.5	54.6875
Seq_1255270	57.47126436781609	12.643678160919542	29.88505747126437
Seq_1488870	34.66666666666667	25.333333333333336	40.0
Seq_1619873	16.666666666666664	40.909090909090914	42.42424242424242
Seq_652770	8.450704225352112	26.76056338028169	64.7887323943662
Seq_1839439	38.666666666666664	0.0	61.33333333333333
Seq_1839438	64.91228070175438	0.0	35.08771929824561
Seq_1311880	48.214285714285715	10.714285714285714	41.07142857142857
Seq_1984582	66.17647058823529	5.88235294117647	27.941176470588236
Seq_2379654	0.0	22.22222222222222	77.77777777777779
Seq_241205	60.416666666666664	14.583333333333334	25.0
Seq_1071772	53.70370370370371	1.8518518518518516	44.44444444444444
Seq_1881675	69.76744186046511	0.0	30.23255813953488
Seq_514640	19.298245614035086	14.035087719298245	66.66666666666666
Seq_1545961	29.78723404255319	23.404255319148938	46.808510638297875
Seq_1992650	33.84615384615385	7.6923076923076925	58.46153846153847
Seq_2356692	77.04918032786885	3.278688524590164	19.672131147540984
Seq_888061	0.0	50.0	50.0
Seq_422894	10.0	50.0	40.0
Seq_2084816	39.58333333333333	12.5	47.91666666666667
Seq_2373354	39.34426229508197	21.311475409836063	39.34426229508197
Seq_1311857	56.09756097560976	14.634146341463413	29.268292682926827
Seq_956244	0.0	0.0	100.0
Seq_2117753	0.0	0.0	100.0
Seq_364846	44.44444444444444	21.21212121212121	34.34343434343434
Seq_2146519	50.0	3.8461538461538463	46.15384615384615
Seq_1184377	0.0	54.347826086956516	45.65217391304348
Seq_1758290	39.6551724137931	8.620689655172415	51.724137931034484
Seq_1786321	0.0	0.0	100.0
Seq_1345718	5.084745762711865	44.06779661016949	50.847457627118644
Seq_172665	51.78571428571429	0.0	48.214285714285715
Seq_975445	50.0	27.941176470588236	22.058823529411764
Seq_258548	55.10204081632652	0.0	44.89795918367347
Seq_476438	19.444444444444446	44.44444444444444	36.11111111111111
Seq_1911217	4.918032786885246	22.950819672131146	72.1311475409836
Seq_1476627	23.157894736842106	27.368421052631582	49.473684210526315
Seq_1885418	0.0	50.90909090909091	49.09090909090909
Seq_157910	55.172413793103445	12.068965517241379	32.758620689655174
Seq_1691622	6.153846153846154	43.07692307692308	50.76923076923077
Seq_2145112	36.84210526315789	13.157894736842104	50.0
Seq_1775225	57.14285714285714	0.0	42.857142857142854
Seq_440032	60.29411764705882	10.294117647058822	29.411764705882355
Seq_2399256	28.30188679245283	26.41509433962264	45.28301886792453
Seq_927852	55.932203389830505	13.559322033898304	30.508474576271187
Seq_519602	24.137931034482758	37.93103448275862	37.93103448275862
Seq_1658694	0.0	56.00000000000001	44.0
Seq_1824573	47.45762711864407	16.94915254237288	35.59322033898305
Seq_2337010	73.80952380952381	0.0	26.190476190476193
Seq_1024634	17.391304347826086	47.82608695652174	34.78260869565217
Seq_571070	51.388888888888886	18.055555555555554	30.555555555555557
Seq_229696	37.77777777777778	15.555555555555555	46.666666666666664
Seq_1864254	21.052631578947366	38.59649122807017	40.35087719298245
Seq_659227	36.36363636363637	29.545454545454547	34.090909090909086
Seq_377664	46.51162790697674	13.953488372093023	39.53488372093023
Seq_1094206	35.1063829787234	41.48936170212766	23.404255319148938
Seq_670887	76.19047619047619	0.0	23.809523809523807
Seq_693637	27.27272727272727	5.454545454545454	67.27272727272727
Seq_326715	28.000000000000004	27.0	45.0
Seq_1211918	68.42105263157895	0.0	31.57894736842105
Seq_2238937	20.33898305084746	42.3728813559322	37.28813559322034
Seq_252183	12.359550561797752	40.44943820224719	47.19101123595505
Seq_1439394	0.0	0.0	100.0
Seq_1439392	0.0	0.0	100.0
Seq_1665171	25.53191489361702	17.02127659574468	57.446808510638306
Seq_1558316	2.9702970297029703	54.45544554455446	42.57425742574257
Seq_152734	37.83783783783784	0.0	62.16216216216216
Seq_2209877	45.0	12.5	42.5
Seq_1237246	11.009174311926607	3.669724770642202	85.3211009174312
Seq_188561	59.4059405940594	0.0	40.5940594059406
Seq_2226735	0.0	60.256410256410255	39.743589743589745
Seq_1316941	35.483870967741936	30.64516129032258	33.87096774193548
Seq_1934031	35.0	2.5	62.5
Seq_665424	0.0	5.607476635514018	94.39252336448598
Seq_1158031	0.0	29.78723404255319	70.2127659574468
Seq_229627	63.46153846153846	3.8461538461538463	32.69230769230769
Seq_45621	0.0	51.11111111111111	48.888888888888886
Seq_757762	0.0	47.42268041237113	52.57731958762887
Seq_755669	16.27906976744186	32.55813953488372	51.162790697674424
Seq_758140	0.0	62.5	37.5
Seq_697905	65.68627450980392	0.0	34.31372549019608
Seq_1358982	67.79661016949152	0.0	32.20338983050847
Seq_1247648	0.0	60.9375	39.0625
Seq_2192687	61.64383561643836	2.73972602739726	35.61643835616438
Seq_662157	15.714285714285714	4.285714285714286	80.0
Seq_1520578	0.0	52.0	48.0
Seq_1096708	71.7948717948718	0.0	28.205128205128204
Seq_1383205	0.0	40.32258064516129	59.67741935483871
Seq_1265411	3.0	43.0	54.0
Seq_150812	0.0	0.0	100.0
Seq_441267	5.454545454545454	23.636363636363637	70.9090909090909
Seq_1686131	31.0	18.0	51.0
Seq_1716806	43.84615384615385	22.30769230769231	33.84615384615385
Seq_645494	0.0	0.0	100.0
Seq_321727	0.0	45.23809523809524	54.761904761904766
Seq_868509	29.411764705882355	25.49019607843137	45.09803921568628
Seq_485609	50.0	13.043478260869565	36.95652173913043
Seq_1134773	22.448979591836736	30.612244897959183	46.93877551020408
Seq_174421	52.0	16.0	32.0
Seq_816768	0.0	0.0	100.0
Seq_1777838	0.0	51.21951219512195	48.78048780487805
Seq_1365721	21.951219512195124	14.634146341463413	63.41463414634146
Seq_1903283	45.67901234567901	16.049382716049383	38.2716049382716
Seq_503598	12.068965517241379	46.55172413793103	41.37931034482759
Seq_2106884	37.096774193548384	19.35483870967742	43.54838709677419
Seq_85921	29.82456140350877	21.052631578947366	49.122807017543856
Seq_1919746	47.368421052631575	9.210526315789473	43.42105263157895
Seq_529747	37.5	22.5	40.0
Seq_1402971	48.64864864864865	0.0	51.35135135135135
Seq_1390294	62.96296296296296	5.555555555555555	31.48148148148148
Seq_97629	92.15686274509804	0.0	7.8431372549019605
Seq_482994	8.333333333333332	43.75	47.91666666666667
Seq_1500957	0.0	0.0	100.0
Seq_757612	0.0	33.92857142857143	66.07142857142857
Seq_316587	48.148148148148145	0.0	51.85185185185185
Seq_836251	46.96969696969697	22.727272727272727	30.303030303030305
Seq_1832741	11.39240506329114	44.303797468354425	44.303797468354425
Seq_1021822	5.063291139240507	7.59493670886076	87.34177215189874
Seq_1836406	0.0	38.88888888888889	61.111111111111114
Seq_941785	87.09677419354838	0.0	12.903225806451612
Seq_1862696	28.49162011173184	31.28491620111732	40.22346368715084
Seq_9853	30.0	24.285714285714285	45.714285714285715
Seq_1259585	29.47368421052631	23.157894736842106	47.368421052631575
Seq_469365	0.0	49.152542372881356	50.847457627118644
Seq_778816	29.629629629629626	11.11111111111111	59.25925925925925
Seq_2098127	56.14035087719298	0.0	43.859649122807014
Seq_2027715	9.090909090909092	0.0	90.9090909090909
Seq_1004320	41.935483870967744	0.0	58.06451612903226
Seq_1996480	46.666666666666664	0.0	53.333333333333336
Seq_2383191	33.33333333333333	12.121212121212121	54.54545454545454
Seq_50748	5.88235294117647	43.13725490196079	50.98039215686274
Seq_1946796	37.83783783783784	13.513513513513514	48.64864864864865
Seq_1623300	69.11764705882352	0.0	30.88235294117647
Seq_1817660	8.620689655172415	29.310344827586203	62.06896551724138
Seq_40191	33.33333333333333	14.705882352941178	51.9607843137255
Seq_692143	0.0	0.0	100.0
Seq_44576	18.27956989247312	26.881720430107524	54.83870967741935
Seq_1908012	33.33333333333333	24.0	42.66666666666667
Seq_1933581	0.0	47.61904761904761	52.38095238095239
Seq_1801793	17.77777777777778	48.888888888888886	33.33333333333333
Seq_628754	21.794871794871796	33.33333333333333	44.871794871794876
Seq_2399207	46.666666666666664	10.0	43.333333333333336
Seq_290798	3.1914893617021276	54.25531914893617	42.5531914893617
Seq_875489	52.459016393442624	22.950819672131146	24.59016393442623
Seq_1294270	34.090909090909086	31.818181818181817	34.090909090909086
Seq_231406	14.285714285714285	25.0	60.71428571428571
Seq_1443928	36.53846153846153	23.076923076923077	40.38461538461539
Seq_1980106	0.0	0.0	100.0
Seq_2258241	0.0	38.983050847457626	61.016949152542374
Seq_1757996	16.831683168316832	33.663366336633665	49.504950495049506
Seq_2205530	0.0	47.540983606557376	52.459016393442624
Seq_45577	13.114754098360656	14.754098360655737	72.1311475409836
Seq_1817682	17.391304347826086	30.434782608695656	52.17391304347826
Seq_1779233	33.33333333333333	19.047619047619047	47.61904761904761
Seq_1390297	68.42105263157895	5.263157894736842	26.31578947368421
Seq_784965	6.25	4.166666666666666	89.58333333333334
Seq_2167876	53.01204819277109	6.024096385542169	40.963855421686745
Seq_1026308	87.71929824561403	0.0	12.280701754385964
Seq_1903310	31.25	21.875	46.875
Seq_1847145	37.68115942028986	27.536231884057973	34.78260869565217
Seq_783180	57.446808510638306	0.0	42.5531914893617
Seq_1372511	5.194805194805195	37.66233766233766	57.14285714285714
Seq_747561	50.0	20.833333333333336	29.166666666666668
Seq_93290	35.45454545454545	34.54545454545455	30.0
Seq_1191002	38.70967741935484	16.129032258064516	45.16129032258064
Seq_2036593	6.666666666666667	51.11111111111111	42.22222222222222
Seq_1578107	34.61538461538461	25.0	40.38461538461539
Seq_1140685	78.26086956521739	2.1739130434782608	19.565217391304348
Seq_941961	65.07936507936508	0.0	34.92063492063492
Seq_176870	10.0	47.5	42.5
Seq_2191841	0.0	61.66666666666667	38.333333333333336
Seq_696943	44.776119402985074	16.417910447761194	38.80597014925373
Seq_535339	56.25	14.0625	29.6875
Seq_1971644	68.33333333333333	0.0	31.666666666666664
Seq_2298516	82.8125	0.0	17.1875
Seq_1447465	22.22222222222222	9.523809523809524	68.25396825396825
Seq_535765	13.461538461538462	0.0	86.53846153846155
Seq_311612	49.382716049382715	19.753086419753085	30.864197530864196
Seq_610131	0.0	29.03225806451613	70.96774193548387
Seq_1219050	82.25806451612904	0.0	17.741935483870968
Seq_734906	17.24137931034483	31.03448275862069	51.724137931034484
Seq_1024863	90.625	0.0	9.375
Seq_2156770	16.666666666666664	0.0	83.33333333333334
Seq_462706	19.047619047619047	9.523809523809524	71.42857142857143
Seq_1372296	0.0	2.5	97.5
Seq_143521	67.6056338028169	0.0	32.3943661971831
Seq_70105	9.70873786407767	40.77669902912621	49.51456310679612
Seq_1931939	44.827586206896555	5.172413793103448	50.0
Seq_1550399	57.89473684210527	0.0	42.10526315789473
Seq_839253	25.37313432835821	25.37313432835821	49.25373134328358
Seq_175585	0.0	42.592592592592595	57.407407407407405
Seq_1458497	45.83333333333333	14.583333333333334	39.58333333333333
Seq_1854375	0.0	32.075471698113205	67.9245283018868
Seq_2226077	0.0	59.57446808510638	40.42553191489361
Seq_1439513	0.0	0.0	100.0
Seq_1681191	31.16883116883117	11.688311688311687	57.14285714285714
Seq_1059780	64.40677966101694	15.254237288135593	20.33898305084746
Seq_2062067	31.666666666666664	35.0	33.33333333333333
Seq_942584	36.84210526315789	15.789473684210526	47.368421052631575
Seq_446362	29.411764705882355	33.33333333333333	37.254901960784316
Seq_329826	40.476190476190474	16.666666666666664	42.857142857142854
Seq_2366147	0.0	50.76923076923077	49.23076923076923
Seq_871503	29.230769230769234	13.846153846153847	56.92307692307692
Seq_258415	52.5	0.0	47.5
Seq_361570	57.89473684210527	2.631578947368421	39.473684210526315
Seq_328861	28.57142857142857	1.1904761904761905	70.23809523809523
Seq_2397992	8.19672131147541	49.18032786885246	42.62295081967213
Seq_341868	24.242424242424242	30.303030303030305	45.45454545454545
Seq_945188	0.0	0.0	100.0
Seq_1824701	41.66666666666667	12.5	45.83333333333333
Seq_70692	10.465116279069768	47.674418604651166	41.86046511627907
Seq_2422598	72.63157894736842	1.0526315789473684	26.31578947368421
Seq_276034	11.29032258064516	43.54838709677419	45.16129032258064
Seq_1432086	57.77777777777777	8.88888888888889	33.33333333333333
Seq_1946834	45.614035087719294	10.526315789473683	43.859649122807014
Seq_1210934	55.769230769230774	15.384615384615385	28.846153846153843
Seq_554926	0.0	35.57692307692308	64.42307692307693
Seq_1673114	22.22222222222222	25.925925925925924	51.85185185185185
Seq_175870	0.0	38.18181818181819	61.81818181818181
Seq_2156687	0.0	0.0	100.0
Seq_713366	27.710843373493976	34.93975903614458	37.34939759036144
Seq_2271991	14.583333333333334	0.0	85.41666666666666
Seq_572498	41.30434782608695	2.1739130434782608	56.52173913043478
Seq_214640	54.310344827586206	4.310344827586207	41.37931034482759
Seq_1439634	0.0	0.0	100.0
Seq_1371627	82.75862068965517	0.0	17.24137931034483
Seq_797138	11.76470588235294	33.82352941176471	54.41176470588235
Seq_559542	10.81081081081081	44.5945945945946	44.5945945945946
Seq_2376485	79.24528301886792	3.7735849056603774	16.9811320754717
Seq_206571	25.925925925925924	27.77777777777778	46.2962962962963
Seq_2390659	42.68292682926829	12.195121951219512	45.1219512195122
Seq_367715	73.33333333333333	0.0	26.666666666666668
Seq_1639396	0.0	43.58974358974359	56.41025641025641
Seq_615113	66.15384615384615	0.0	33.84615384615385
Seq_672203	27.11864406779661	16.94915254237288	55.932203389830505
Seq_1354065	29.78723404255319	0.0	70.2127659574468
Seq_789475	98.73417721518987	0.0	1.2658227848101267
Seq_2047088	0.0	0.0	100.0
Seq_1297535	0.0	46.96969696969697	53.03030303030303
Seq_644489	5.88235294117647	0.0	94.11764705882352
Seq_434747	42.68292682926829	21.951219512195124	35.36585365853659
Seq_757421	0.0	25.64102564102564	74.35897435897436
Seq_1220172	37.5	17.5	45.0
Seq_1657745	35.526315789473685	6.578947368421052	57.89473684210527
Seq_1345701	5.357142857142857	33.92857142857143	60.71428571428571
Seq_717683	40.18691588785047	15.887850467289718	43.925233644859816
Seq_1082700	0.0	52.17391304347826	47.82608695652174
Seq_1875932	10.0	20.0	70.0
Seq_46841	12.5	47.91666666666667	39.58333333333333
Seq_1832098	8.571428571428571	5.714285714285714	85.71428571428571
Seq_418565	5.633802816901409	46.478873239436616	47.88732394366197
Seq_678211	29.411764705882355	26.47058823529412	44.11764705882353
Seq_457785	2.380952380952381	0.0	97.61904761904762
Seq_1985924	53.84615384615385	0.0	46.15384615384615
Seq_1455101	28.947368421052634	28.947368421052634	42.10526315789473
Seq_991273	41.81818181818181	10.909090909090908	47.27272727272727
Seq_640452	0.0	53.44827586206896	46.55172413793103
Seq_1824257	25.0	33.33333333333333	41.66666666666667
Seq_722259	38.0	18.0	44.0
Seq_1377431	67.10526315789474	2.631578947368421	30.263157894736842
Seq_633193	32.432432432432435	17.56756756756757	50.0
Seq_1325097	0.0	0.0	100.0
Seq_1281382	0.0	0.0	100.0
Seq_2092453	61.53846153846154	0.0	38.46153846153847
Seq_1937982	82.1917808219178	0.0	17.80821917808219
Seq_175578	4.3478260869565215	37.68115942028986	57.971014492753625
Seq_304031	25.0	29.166666666666668	45.83333333333333
Seq_2084791	57.446808510638306	6.382978723404255	36.17021276595745
Seq_2303053	20.930232558139537	16.27906976744186	62.7906976744186
Seq_1227781	8.91089108910891	49.504950495049506	41.584158415841586
Seq_672270	13.414634146341465	39.02439024390244	47.5609756097561
Seq_2343881	37.254901960784316	15.686274509803921	47.05882352941176
Seq_329912	69.64285714285714	0.0	30.357142857142854
Seq_1442714	24.285714285714285	21.428571428571427	54.285714285714285
Seq_833981	0.0	0.0	100.0
Seq_96479	20.408163265306122	38.775510204081634	40.816326530612244
Seq_1852625	32.20338983050847	13.559322033898304	54.23728813559322
Seq_452855	29.166666666666668	0.0	70.83333333333334
Seq_1839424	72.91666666666666	0.0	27.083333333333332
Seq_147485	36.206896551724135	20.689655172413794	43.103448275862064
Seq_565744	6.944444444444445	6.944444444444445	86.11111111111111
Seq_1501774	47.69230769230769	12.307692307692308	40.0
Seq_2138560	15.384615384615385	30.76923076923077	53.84615384615385
Seq_2191422	0.0	55.172413793103445	44.827586206896555
Seq_2126281	69.35483870967742	1.6129032258064515	29.03225806451613
Seq_1595289	37.5	17.307692307692307	45.19230769230769
Seq_1021864	12.280701754385964	22.807017543859647	64.91228070175438
Seq_1043607	15.789473684210526	32.89473684210527	51.31578947368421
Seq_1742251	20.0	9.411764705882353	70.58823529411765
Seq_2234178	45.86466165413533	27.06766917293233	27.06766917293233
Seq_1691913	39.6551724137931	24.137931034482758	36.206896551724135
Seq_99137	37.77777777777778	13.333333333333334	48.888888888888886
Seq_320224	63.51351351351351	0.0	36.486486486486484
Seq_2229696	70.83333333333334	0.0	29.166666666666668
Seq_2411658	38.59649122807017	0.0	61.40350877192983
Seq_311269	14.925373134328357	11.940298507462686	73.13432835820896
Seq_50197	45.56962025316456	12.658227848101266	41.77215189873418
Seq_1198024	37.00787401574803	0.0	62.99212598425197
Seq_1658453	0.0	0.0	100.0
Seq_1817472	65.71428571428571	0.0	34.285714285714285
Seq_677022	29.292929292929294	9.090909090909092	61.61616161616161
Seq_2054560	8.16326530612245	12.244897959183673	79.59183673469387
Seq_471356	34.375	22.916666666666664	42.70833333333333
Seq_1896339	32.142857142857146	30.357142857142854	37.5
Seq_975470	0.0	0.0	100.0
Seq_1847482	0.0	0.0	100.0
Seq_1007786	0.0	21.686746987951807	78.3132530120482
Seq_1323995	40.35087719298245	12.280701754385964	47.368421052631575
Seq_775514	47.5	15.0	37.5
Seq_407447	13.20754716981132	18.867924528301888	67.9245283018868
Seq_758089	0.0	54.87804878048781	45.1219512195122
Seq_1458595	67.3913043478261	4.3478260869565215	28.26086956521739
Seq_2337941	0.0	0.0	100.0
Seq_2429350	0.0	75.0	25.0
Seq_1986210	4.761904761904762	0.0	95.23809523809523
Seq_2375375	39.21568627450981	19.607843137254903	41.17647058823529
Seq_605258	77.14285714285715	0.0	22.857142857142858
Seq_347397	25.0	40.38461538461539	34.61538461538461
Seq_1901076	41.74757281553398	17.475728155339805	40.77669902912621
Seq_2410304	68.29268292682927	0.0	31.70731707317073
Seq_2276976	58.730158730158735	0.0	41.269841269841265
Seq_1864709	0.0	54.6875	45.3125
Seq_1092507	20.0	37.77777777777778	42.22222222222222
Seq_2118266	54.83870967741935	0.0	45.16129032258064
Seq_2276978	62.121212121212125	0.0	37.878787878787875
Seq_1455115	17.647058823529413	39.21568627450981	43.13725490196079
Seq_2236056	28.169014084507044	19.718309859154928	52.112676056338024
Seq_1591159	0.0	28.57142857142857	71.42857142857143
Seq_2203708	15.384615384615385	35.8974358974359	48.717948717948715
Seq_1280460	0.0	0.0	100.0
Seq_772935	33.33333333333333	2.564102564102564	64.1025641025641
Seq_2326185	11.403508771929824	20.175438596491226	68.42105263157895
Seq_675755	34.32835820895522	19.402985074626866	46.26865671641791
Seq_98098	27.083333333333332	22.916666666666664	50.0
Seq_2102771	44.230769230769226	5.769230769230769	50.0
Seq_1661536	0.0	37.096774193548384	62.903225806451616
Seq_1576842	0.0	0.0	100.0
Seq_377125	46.774193548387096	0.0	53.2258064516129
Seq_301153	32.608695652173914	21.73913043478261	45.65217391304348
Seq_708174	34.61538461538461	34.61538461538461	30.76923076923077
Seq_1103061	51.85185185185185	7.4074074074074066	40.74074074074074
Seq_561528	36.36363636363637	35.35353535353536	28.28282828282828
Seq_428218	30.357142857142854	21.428571428571427	48.214285714285715
Seq_993606	85.9375	0.0	14.0625
Seq_1626371	0.0	0.0	100.0
Seq_758819	0.0	52.38095238095239	47.61904761904761
Seq_140377	46.666666666666664	22.22222222222222	31.11111111111111
Seq_1610147	40.64516129032258	17.419354838709676	41.935483870967744
Seq_1734109	19.298245614035086	14.035087719298245	66.66666666666666
Seq_1121863	46.96969696969697	10.606060606060606	42.42424242424242
Seq_2047165	0.0	0.0	100.0
Seq_1803026	0.0	32.6530612244898	67.3469387755102
Seq_2205307	0.0	14.814814814814813	85.18518518518519
Seq_1857538	43.93939393939394	13.636363636363635	42.42424242424242
Seq_585443	0.0	0.0	100.0
Seq_915825	13.23529411764706	42.64705882352941	44.11764705882353
Seq_1571502	28.205128205128204	21.794871794871796	50.0
Seq_70093	29.230769230769234	26.153846153846157	44.61538461538462
Seq_2386520	50.0	12.962962962962962	37.03703703703704
Seq_1140063	44.44444444444444	25.925925925925924	29.629629629629626
Seq_779443	0.0	41.37931034482759	58.620689655172406
Seq_1015220	0.0	0.0	100.0
Seq_2074447	23.376623376623375	22.07792207792208	54.54545454545454
Seq_1749305	50.0	15.0	35.0
Seq_371542	48.333333333333336	13.333333333333334	38.333333333333336
Seq_931057	79.16666666666666	2.083333333333333	18.75
Seq_268938	36.666666666666664	10.0	53.333333333333336
Seq_1742203	20.8955223880597	13.432835820895523	65.67164179104478
Seq_2253135	49.39759036144578	10.843373493975903	39.75903614457831
Seq_464036	45.20547945205479	0.0	54.794520547945204
Seq_484763	21.666666666666668	20.0	58.333333333333336
Seq_557736	15.0	23.333333333333332	61.66666666666667
Seq_762928	0.0	0.0	100.0
Seq_870408	44.44444444444444	25.0	30.555555555555557
Seq_375984	5.194805194805195	10.38961038961039	84.4155844155844
Seq_1807874	67.24137931034483	0.0	32.758620689655174
Seq_236446	0.0	40.816326530612244	59.183673469387756
Seq_42173	0.0	37.254901960784316	62.745098039215684
Seq_1430283	39.02439024390244	18.29268292682927	42.68292682926829
Seq_1094104	14.5985401459854	41.605839416058394	43.79562043795621
Seq_1256549	50.877192982456144	10.526315789473683	38.59649122807017
Seq_2237739	11.428571428571429	58.57142857142858	30.0
Seq_602101	43.67816091954023	9.195402298850574	47.12643678160919
Seq_58425	45.83333333333333	0.0	54.166666666666664
Seq_1106867	9.333333333333334	45.33333333333333	45.33333333333333
Seq_1381425	51.42857142857142	5.714285714285714	42.857142857142854
Seq_1777804	6.349206349206349	46.03174603174603	47.61904761904761
Seq_494521	11.627906976744185	39.53488372093023	48.837209302325576
Seq_267226	0.0	0.0	100.0
Seq_40335	0.0	36.58536585365854	63.41463414634146
Seq_991589	69.35483870967742	0.0	30.64516129032258
Seq_1716798	63.63636363636363	15.909090909090908	20.454545454545457
Seq_1758505	0.0	0.0	100.0
Seq_2180143	26.582278481012654	29.11392405063291	44.303797468354425
Seq_1281350	0.0	66.66666666666666	33.33333333333333
Seq_2302320	17.647058823529413	36.76470588235294	45.588235294117645
Seq_9447	17.857142857142858	33.92857142857143	48.214285714285715
Seq_1254677	35.55555555555556	20.0	44.44444444444444
Seq_762857	0.0	0.0	100.0
Seq_1423719	0.0	3.8461538461538463	96.15384615384616
Seq_1442223	33.76623376623377	29.87012987012987	36.36363636363637
Seq_1960907	7.142857142857142	40.476190476190474	52.38095238095239
Seq_151933	69.87951807228916	0.0	30.120481927710845
Seq_261673	0.0	37.735849056603776	62.264150943396224
Seq_879905	80.35714285714286	3.571428571428571	16.071428571428573
Seq_325791	39.53488372093023	0.0	60.46511627906976
Seq_1932698	52.702702702702695	0.0	47.2972972972973
Seq_1681102	28.26086956521739	30.434782608695656	41.30434782608695
Seq_1110470	18.181818181818183	25.757575757575758	56.060606060606055
Seq_221094	16.363636363636363	43.63636363636363	40.0
Seq_470923	23.214285714285715	32.142857142857146	44.642857142857146
Seq_1298450	100.0	0.0	0.0
Seq_1371590	10.0	4.0	86.0
Seq_601872	0.0	0.0	100.0
Seq_1599075	26.666666666666668	30.0	43.333333333333336
Seq_2298380	79.51807228915662	0.0	20.481927710843372
Seq_859188	40.32258064516129	16.129032258064516	43.54838709677419
Seq_404789	81.48148148148148	0.0	18.51851851851852
Seq_1334076	5.952380952380952	26.190476190476193	67.85714285714286
Seq_759032	86.95652173913044	0.0	13.043478260869565
Seq_2098133	65.3061224489796	0.0	34.69387755102041
Seq_1583337	27.27272727272727	36.36363636363637	36.36363636363637
Seq_896623	46.25	21.25	32.5
Seq_1758188	52.83018867924528	9.433962264150944	37.735849056603776
Seq_1022744	76.62337662337663	0.0	23.376623376623375
Seq_885083	75.0	0.0	25.0
Seq_2384254	95.0	0.0	5.0
Seq_2170689	56.09756097560976	2.4390243902439024	41.46341463414634
Seq_678246	35.13513513513514	24.324324324324326	40.54054054054054
Seq_1745210	20.754716981132077	37.735849056603776	41.509433962264154
Seq_1996359	50.79365079365079	0.0	49.2063492063492
Seq_1432147	40.27777777777778	29.166666666666668	30.555555555555557
Seq_1340961	44.642857142857146	17.857142857142858	37.5
Seq_1721561	62.06896551724138	3.4482758620689653	34.48275862068966
Seq_574823	9.45945945945946	36.486486486486484	54.054054054054056
Seq_2180245	14.893617021276595	55.319148936170215	29.78723404255319
Seq_1821001	52.38095238095239	16.666666666666664	30.952380952380953
Seq_2141617	15.151515151515152	42.42424242424242	42.42424242424242
Seq_210420	46.51162790697674	20.930232558139537	32.55813953488372
Seq_2302997	10.0	36.0	54.0
Seq_750106	0.0	35.08771929824561	64.91228070175438
Seq_1282787	35.55555555555556	22.22222222222222	42.22222222222222
Seq_1297518	0.0	49.275362318840585	50.72463768115942
Seq_1956766	60.67415730337079	10.112359550561797	29.213483146067414
Seq_2337981	77.04918032786885	0.0	22.950819672131146
Seq_440122	84.0	2.0	14.000000000000002
Seq_1371132	28.169014084507044	38.028169014084504	33.80281690140845
Seq_162217	0.0	50.81967213114754	49.18032786885246
Seq_250135	45.09803921568628	13.725490196078432	41.17647058823529
Seq_614640	38.57142857142858	12.857142857142856	48.57142857142857
Seq_2377451	14.117647058823529	21.176470588235293	64.70588235294117
Seq_1773283	35.051546391752574	17.525773195876287	47.42268041237113
Seq_1081230	41.37931034482759	31.03448275862069	27.586206896551722
Seq_820705	4.761904761904762	0.0	95.23809523809523
Seq_176844	5.747126436781609	12.643678160919542	81.60919540229885
Seq_40246	28.125	14.0625	57.8125
Seq_236667	10.526315789473683	18.421052631578945	71.05263157894737
Seq_1846425	36.206896551724135	18.96551724137931	44.827586206896555
Seq_407336	0.0	17.02127659574468	82.97872340425532
Seq_1821016	32.69230769230769	20.192307692307693	47.11538461538461
Seq_2181565	20.37037037037037	48.148148148148145	31.48148148148148
Seq_176884	0.0	63.1578947368421	36.84210526315789
Seq_245210	53.65853658536586	10.569105691056912	35.77235772357724
Seq_950515	0.0	0.0	100.0
Seq_750198	0.0	29.82456140350877	70.17543859649122
Seq_358358	58.333333333333336	7.291666666666667	34.375
Seq_1838785	40.909090909090914	9.090909090909092	50.0
Seq_2310979	78.84615384615384	0.0	21.153846153846153
Seq_430112	15.09433962264151	26.41509433962264	58.490566037735846
Seq_1000990	69.3069306930693	0.0	30.693069306930692
Seq_2081051	42.857142857142854	40.476190476190474	16.666666666666664
Seq_1758325	45.23809523809524	3.571428571428571	51.19047619047619
Seq_1669187	12.903225806451612	24.193548387096776	62.903225806451616
Seq_737133	37.704918032786885	18.0327868852459	44.26229508196721
Seq_290827	6.122448979591836	59.183673469387756	34.69387755102041
Seq_2337903	0.0	0.0	100.0
Seq_1448018	55.88235294117647	2.941176470588235	41.17647058823529
Seq_311199	3.10077519379845	24.031007751937985	72.86821705426357
Seq_542118	0.0	61.904761904761905	38.095238095238095
Seq_1849062	89.28571428571429	0.0	10.714285714285714
Seq_2298035	60.0	0.0	40.0
Seq_970832	43.103448275862064	17.24137931034483	39.6551724137931
Seq_1439662	0.0	0.0	100.0
Seq_311803	32.075471698113205	20.754716981132077	47.16981132075472
Seq_97064	84.0909090909091	0.0	15.909090909090908
Seq_407132	4.651162790697675	60.46511627906976	34.883720930232556
Seq_1268403	0.0	0.0	100.0
Seq_2337911	0.0	0.0	100.0
Seq_969641	48.837209302325576	12.790697674418606	38.372093023255815
Seq_2047000	10.256410256410255	69.23076923076923	20.51282051282051
Seq_311690	3.6585365853658534	30.48780487804878	65.85365853658537
Seq_566328	29.629629629629626	24.074074074074073	46.2962962962963
Seq_1291026	0.0	0.0	100.0
Seq_1716902	42.22222222222222	26.666666666666668	31.11111111111111
Seq_2427773	9.615384615384617	48.07692307692308	42.30769230769231
Seq_283415	74.13793103448276	0.0	25.862068965517242
Seq_1990753	48.148148148148145	12.962962962962962	38.88888888888889
Seq_519280	30.18867924528302	15.09433962264151	54.71698113207547
Seq_2252678	53.73134328358209	2.9850746268656714	43.28358208955223
Seq_585223	0.0	0.0	100.0
Seq_519287	39.795918367346935	14.285714285714285	45.91836734693878
Seq_1437612	45.45454545454545	21.818181818181817	32.72727272727273
Seq_2145146	32.432432432432435	2.7027027027027026	64.86486486486487
Seq_404837	0.0	0.0	100.0
Seq_191614	0.0	53.333333333333336	46.666666666666664
Seq_375969	0.0	12.244897959183673	87.75510204081633
Seq_176747	23.684210526315788	23.684210526315788	52.63157894736842
Seq_1271518	3.75	15.0	81.25
Seq_1243553	58.9041095890411	1.36986301369863	39.726027397260275
Seq_1527700	40.0	16.363636363636363	43.63636363636363
Seq_2298501	85.71428571428571	0.0	14.285714285714285
Seq_44633	3.571428571428571	12.5	83.92857142857143
Seq_2138536	79.16666666666666	0.0	20.833333333333336
Seq_1893709	38.333333333333336	0.0	61.66666666666667
Seq_1626342	0.0	0.0	100.0
Seq_1455921	7.575757575757576	42.42424242424242	50.0
Seq_2271015	41.25	26.25	32.5
Seq_2199523	69.23076923076923	0.0	30.76923076923077
Seq_1872739	3.296703296703297	51.64835164835166	45.05494505494506
Seq_911644	41.41414141414141	18.181818181818183	40.4040404040404
Seq_1823340	24.137931034482758	1.7241379310344827	74.13793103448276
Seq_1035395	42.857142857142854	30.0	27.142857142857142
Seq_529067	50.0	24.137931034482758	25.862068965517242
Seq_911642	33.33333333333333	6.666666666666667	60.0
Seq_131643	64.1025641025641	0.0	35.8974358974359
Seq_1224408	41.1214953271028	5.607476635514018	53.271028037383175
Seq_457833	4.545454545454546	0.0	95.45454545454545
Seq_1661576	0.0	53.75	46.25
Seq_1699213	10.0	38.333333333333336	51.66666666666667
Seq_1958927	44.11764705882353	19.11764705882353	36.76470588235294
Seq_2064261	0.0	42.028985507246375	57.971014492753625
Seq_775457	22.535211267605636	30.985915492957744	46.478873239436616
Seq_1769844	0.0	0.0	100.0
Seq_1430059	0.0	35.714285714285715	64.28571428571429
Seq_496795	27.77777777777778	31.48148148148148	40.74074074074074
Seq_2315205	6.140350877192982	49.122807017543856	44.73684210526316
Seq_2226531	4.761904761904762	39.682539682539684	55.55555555555556
Seq_376489	35.714285714285715	17.857142857142858	46.42857142857143
Seq_1110881	14.772727272727273	25.0	60.22727272727273
Seq_2044581	11.304347826086957	17.391304347826086	71.30434782608695
Seq_276119	0.0	53.42465753424658	46.57534246575342
Seq_150835	0.0	0.0	100.0
Seq_2405633	0.0	17.117117117117118	82.88288288288288
Seq_1105560	26.190476190476193	16.666666666666664	57.14285714285714
Seq_1695639	17.46031746031746	28.57142857142857	53.96825396825397
Seq_1571501	33.87096774193548	24.193548387096776	41.935483870967744
Seq_177399	60.37735849056604	7.547169811320755	32.075471698113205
Seq_142288	5.769230769230769	40.38461538461539	53.84615384615385
Seq_714881	0.0	33.33333333333333	66.66666666666666
Seq_873893	28.57142857142857	34.523809523809526	36.904761904761905
Seq_565849	0.0	4.0	96.0
Seq_605118	77.35849056603774	0.0	22.641509433962266
Seq_714888	0.0	33.82352941176471	66.17647058823529
Seq_1381413	45.0	6.666666666666667	48.333333333333336
Seq_418473	48.93617021276596	11.702127659574469	39.361702127659576
Seq_1494421	46.590909090909086	20.454545454545457	32.95454545454545
Seq_1297522	0.0	53.246753246753244	46.75324675324675
Seq_2064214	6.122448979591836	46.93877551020408	46.93877551020408
Seq_800391	0.0	53.03030303030303	46.96969696969697
Seq_1699916	32.0	0.0	68.0
Seq_229830	46.666666666666664	22.22222222222222	31.11111111111111
Seq_1871206	58.06451612903226	10.75268817204301	31.182795698924732
Seq_467523	57.89473684210527	0.0	42.10526315789473
Seq_467520	56.75675675675676	0.0	43.24324324324324
Seq_1971912	13.88888888888889	0.0	86.11111111111111
Seq_2003019	75.36231884057972	2.898550724637681	21.73913043478261
Seq_1043665	13.114754098360656	31.147540983606557	55.73770491803278
Seq_304438	40.32258064516129	0.0	59.67741935483871
Seq_651650	60.317460317460316	0.0	39.682539682539684
Seq_2092842	86.48648648648648	0.0	13.513513513513514
Seq_526296	53.44827586206896	17.24137931034483	29.310344827586203
Seq_1668416	14.925373134328357	23.88059701492537	61.19402985074627
Seq_803326	32.55813953488372	0.0	67.44186046511628
Seq_758417	0.0	53.01204819277109	46.98795180722892
Seq_672262	38.46153846153847	28.205128205128204	33.33333333333333
Seq_2388521	13.392857142857142	32.142857142857146	54.46428571428571
Seq_1985733	0.0	4.25531914893617	95.74468085106383
Seq_1265480	8.433734939759036	30.120481927710845	61.44578313253012
Seq_1798116	13.274336283185843	23.893805309734514	62.83185840707964
Seq_2096815	4.054054054054054	29.72972972972973	66.21621621621621
Seq_762987	0.0	0.0	100.0
Seq_1661056	19.298245614035086	17.543859649122805	63.1578947368421
Seq_1193673	7.462686567164178	44.776119402985074	47.76119402985074
Seq_462651	20.87912087912088	23.076923076923077	56.043956043956044
Seq_2056931	53.73134328358209	5.970149253731343	40.298507462686565
Seq_1430013	0.0	40.42553191489361	59.57446808510638
Seq_1543233	0.0	0.0	100.0
Seq_1304680	45.28301886792453	3.7735849056603774	50.943396226415096
Seq_243522	27.659574468085108	6.382978723404255	65.95744680851064
Seq_1094046	16.3265306122449	43.87755102040816	39.795918367346935
Seq_2315974	43.333333333333336	12.222222222222221	44.44444444444444
Seq_10153	47.5	1.6666666666666667	50.83333333333333
Seq_2250407	79.59183673469387	0.0	20.408163265306122
Seq_214564	0.0	43.13725490196079	56.86274509803921
Seq_214565	0.0	42.10526315789473	57.89473684210527
Seq_2158389	7.6923076923076925	67.94871794871796	24.358974358974358
Seq_357418	17.441860465116278	29.069767441860467	53.48837209302325
Seq_521534	13.725490196078432	29.411764705882355	56.86274509803921
Seq_1787578	58.4070796460177	0.0	41.5929203539823
Seq_1775294	45.65217391304348	8.695652173913043	45.65217391304348
Seq_2029743	100.0	0.0	0.0
Seq_2253713	33.75	21.25	45.0
Seq_1775298	17.82178217821782	18.81188118811881	63.366336633663366
Seq_1511268	22.972972972972975	20.27027027027027	56.75675675675676
Seq_1990729	26.47058823529412	36.76470588235294	36.76470588235294
Seq_1407408	55.223880597014926	0.0	44.776119402985074
Seq_430755	42.42424242424242	25.757575757575758	31.818181818181817
Seq_952613	0.0	46.15384615384615	53.84615384615385
Seq_1797456	100.0	0.0	0.0
Seq_2031687	0.0	49.59349593495935	50.40650406504065
Seq_636981	53.96825396825397	12.698412698412698	33.33333333333333
Seq_1927415	50.0	8.108108108108109	41.891891891891895
Seq_1971766	0.0	0.0	100.0
Seq_2405411	33.33333333333333	29.411764705882355	37.254901960784316
Seq_809344	44.44444444444444	0.0	55.55555555555556
Seq_40964	7.792207792207792	35.064935064935064	57.14285714285714
Seq_1583005	31.147540983606557	25.40983606557377	43.44262295081967
Seq_1777927	23.809523809523807	30.952380952380953	45.23809523809524
Seq_2102891	14.814814814814813	44.44444444444444	40.74074074074074
Seq_720061	53.44827586206896	6.896551724137931	39.6551724137931
Seq_886887	4.3478260869565215	0.0	95.65217391304348
Seq_738992	46.666666666666664	0.0	53.333333333333336
Seq_644504	0.0	0.0	100.0
Seq_380509	25.454545454545453	40.0	34.54545454545455
Seq_424628	71.69811320754717	0.0	28.30188679245283
Seq_1035202	20.634920634920633	38.095238095238095	41.269841269841265
Seq_361162	26.47058823529412	0.0	73.52941176470588
Seq_1814537	0.0	6.8181818181818175	93.18181818181817
Seq_1300764	12.82051282051282	0.0	87.17948717948718
Seq_1837942	43.609022556390975	18.045112781954884	38.34586466165413
Seq_2259090	69.1358024691358	0.0	30.864197530864196
Seq_637096	3.614457831325301	62.65060240963856	33.734939759036145
Seq_991266	44.18604651162791	18.6046511627907	37.2093023255814
Seq_1354512	0.0	63.63636363636363	36.36363636363637
Seq_1658639	0.0	24.193548387096776	75.80645161290323
Seq_2272064	8.0	52.0	40.0
Seq_557872	50.0	0.0	50.0
Seq_228243	2.4390243902439024	43.90243902439025	53.65853658536586
Seq_693650	33.33333333333333	6.25	60.416666666666664
Seq_1243511	77.08333333333334	2.083333333333333	20.833333333333336
Seq_1803796	50.0	15.384615384615385	34.61538461538461
Seq_192376	17.857142857142858	30.357142857142854	51.78571428571429
Seq_736693	32.857142857142854	0.0	67.14285714285714
Seq_488188	80.24691358024691	0.0	19.753086419753085
Seq_229605	72.22222222222221	2.7777777777777777	25.0
Seq_1439578	0.0	0.0	100.0
Seq_1818168	73.84615384615385	0.0	26.153846153846157
Seq_42155	0.0	13.953488372093023	86.04651162790698
Seq_640395	0.0	48.57142857142857	51.42857142857142
Seq_969114	47.82608695652174	14.492753623188406	37.68115942028986
Seq_1815481	33.33333333333333	27.083333333333332	39.58333333333333
Seq_1295532	15.584415584415584	16.883116883116884	67.53246753246754
Seq_2176172	16.071428571428573	48.214285714285715	35.714285714285715
Seq_1539425	0.0	52.68817204301075	47.31182795698925
Seq_1300884	0.0	0.0	100.0
Seq_826542	3.1578947368421053	34.73684210526316	62.10526315789474
Seq_1074525	24.242424242424242	24.242424242424242	51.515151515151516
Seq_758600	0.0	37.2093023255814	62.7906976744186
Seq_1598022	41.02564102564102	12.82051282051282	46.15384615384615
Seq_2178906	63.829787234042556	0.0	36.17021276595745
Seq_361309	0.0	0.0	100.0
Seq_1031480	0.0	0.0	100.0
Seq_267980	39.603960396039604	27.722772277227726	32.67326732673268
Seq_407152	26.582278481012654	16.455696202531644	56.9620253164557
Seq_675325	19.17808219178082	13.698630136986301	67.12328767123287
Seq_787704	15.714285714285714	0.0	84.28571428571429
Seq_2008524	12.857142857142856	44.285714285714285	42.857142857142854
Seq_1607397	17.857142857142858	23.214285714285715	58.92857142857143
Seq_1801744	0.0	17.94871794871795	82.05128205128204
Seq_1534276	65.68627450980392	5.88235294117647	28.431372549019606
Seq_1836618	0.0	36.734693877551024	63.26530612244898
Seq_2397344	47.45762711864407	0.0	52.54237288135594
Seq_390876	12.087912087912088	27.472527472527474	60.43956043956044
Seq_1607402	31.645569620253166	24.050632911392405	44.303797468354425
Seq_1832182	52.63157894736842	7.894736842105263	39.473684210526315
Seq_541577	4.166666666666666	22.916666666666664	72.91666666666666
Seq_1596831	58.730158730158735	4.761904761904762	36.507936507936506
Seq_404892	0.0	0.0	100.0
Seq_1247020	32.323232323232325	16.161616161616163	51.515151515151516
Seq_8850	68.18181818181817	9.090909090909092	22.727272727272727
Seq_763042	0.0	0.0	100.0
Seq_2253606	9.615384615384617	25.0	65.38461538461539
Seq_1014460	55.769230769230774	13.461538461538462	30.76923076923077
Seq_873916	57.14285714285714	10.0	32.857142857142854
Seq_371420	43.63636363636363	0.0	56.36363636363636
Seq_10136	0.0	0.0	100.0
Seq_9479	1.4285714285714286	45.714285714285715	52.85714285714286
Seq_1194812	0.0	0.0	100.0
Seq_882437	12.307692307692308	35.38461538461539	52.307692307692314
Seq_1838060	35.2112676056338	9.859154929577464	54.929577464788736
Seq_239048	5.714285714285714	32.857142857142854	61.42857142857143
Seq_1895289	0.0	58.333333333333336	41.66666666666667
Seq_1161605	34.92063492063492	28.57142857142857	36.507936507936506
Seq_913290	45.1219512195122	15.853658536585366	39.02439024390244
Seq_1199697	48.598130841121495	23.364485981308412	28.037383177570092
Seq_236782	40.57971014492754	11.594202898550725	47.82608695652174
Seq_464315	25.0	17.5	57.49999999999999
Seq_236780	42.5531914893617	17.02127659574468	40.42553191489361
Seq_318179	43.58974358974359	10.256410256410255	46.15384615384615
Seq_1658466	0.0	0.0	100.0
Seq_675886	36.986301369863014	16.43835616438356	46.57534246575342
Seq_486413	47.27272727272727	0.0	52.72727272727272
Seq_1658541	0.0	46.666666666666664	53.333333333333336
Seq_504665	12.76595744680851	48.93617021276596	38.297872340425535
Seq_1571477	47.05882352941176	11.76470588235294	41.17647058823529
Seq_563550	23.711340206185564	23.711340206185564	52.57731958762887
Seq_721758	40.909090909090914	27.27272727272727	31.818181818181817
Seq_1496974	0.0	42.0	57.99999999999999
Seq_968041	10.869565217391305	0.0	89.13043478260869
Seq_288708	81.08108108108108	0.0	18.91891891891892
Seq_993222	32.142857142857146	23.214285714285715	44.642857142857146
Seq_564310	0.0	0.0	100.0
Seq_1089099	9.836065573770492	50.81967213114754	39.34426229508197
Seq_1820655	44.166666666666664	24.166666666666668	31.666666666666664
Seq_640473	19.35483870967742	26.881720430107524	53.76344086021505
Seq_2139485	42.608695652173914	19.130434782608695	38.26086956521739
Seq_1338255	0.0	64.61538461538461	35.38461538461539
Seq_1219287	80.35714285714286	0.0	19.642857142857142
Seq_1775391	36.283185840707965	18.58407079646018	45.13274336283185
Seq_797222	35.55555555555556	24.444444444444443	40.0
Seq_734617	37.254901960784316	31.372549019607842	31.372549019607842
Seq_806803	40.17857142857143	18.75	41.07142857142857
Seq_1277413	24.242424242424242	19.696969696969695	56.060606060606055
Seq_356307	2.0408163265306123	22.448979591836736	75.51020408163265
Seq_596238	43.63636363636363	18.181818181818183	38.18181818181819
Seq_430082	35.41666666666667	0.0	64.58333333333334
Seq_470985	46.98795180722892	19.27710843373494	33.734939759036145
Seq_1701221	6.666666666666667	0.0	93.33333333333333
Seq_757635	5.511811023622047	29.92125984251969	64.56692913385827
Seq_1190990	12.307692307692308	24.615384615384617	63.07692307692307
Seq_1216295	15.686274509803921	5.88235294117647	78.43137254901961
Seq_464314	37.254901960784316	17.647058823529413	45.09803921568628
Seq_1535057	0.0	8.450704225352112	91.54929577464789
Seq_1623781	48.07692307692308	25.0	26.923076923076923
Seq_933803	0.0	0.0	100.0
Seq_763025	0.0	0.0	100.0
Seq_95807	16.27906976744186	44.18604651162791	39.53488372093023
Seq_40251	6.25	50.0	43.75
Seq_950577	0.0	0.0	100.0
Seq_640608	67.74193548387096	0.0	32.25806451612903
Seq_896686	28.26086956521739	10.869565217391305	60.86956521739131
Seq_276230	0.0	53.333333333333336	46.666666666666664
Seq_976840	5.263157894736842	47.368421052631575	47.368421052631575
Seq_570816	31.70731707317073	7.317073170731707	60.97560975609756
Seq_977487	23.809523809523807	31.746031746031743	44.44444444444444
Seq_1491906	0.0	0.0	100.0
Seq_402901	11.688311688311687	50.649350649350644	37.66233766233766
Seq_1127245	0.0	42.465753424657535	57.534246575342465
Seq_1371306	0.0	6.8181818181818175	93.18181818181817
Seq_295314	5.263157894736842	45.614035087719294	49.122807017543856
Seq_416181	44.0	12.0	44.0
Seq_975459	0.0	0.0	100.0
Seq_1817419	71.875	0.0	28.125
Seq_117219	36.17021276595745	19.148936170212767	44.680851063829785
Seq_2002809	11.409395973154362	18.79194630872483	69.79865771812081
Seq_1315531	59.523809523809526	0.0	40.476190476190474
Seq_1977880	36.0	24.0	40.0
Seq_1760984	7.8431372549019605	14.705882352941178	77.45098039215686
Seq_735753	26.923076923076923	17.307692307692307	55.769230769230774
Seq_1409256	0.0	55.55555555555556	44.44444444444444
Seq_2343461	0.0	54.63917525773196	45.36082474226804
Seq_2391180	34.48275862068966	16.091954022988507	49.42528735632184
Seq_2417665	9.090909090909092	48.05194805194805	42.857142857142854
Seq_1132060	82.45614035087719	0.0	17.543859649122805
Seq_2226155	0.0	46.808510638297875	53.191489361702125
Seq_2149747	30.158730158730158	11.11111111111111	58.730158730158735
Seq_2417706	0.0	43.07692307692308	56.92307692307692
Seq_2313077	0.0	62.903225806451616	37.096774193548384
Seq_1553629	59.45945945945946	0.0	40.54054054054054
Seq_2273618	48.78048780487805	4.878048780487805	46.34146341463415
Seq_1831863	0.0	28.07017543859649	71.9298245614035
Seq_1043434	28.57142857142857	0.0	71.42857142857143
